#reader(lib"read.ss""wxme")WXME0108 ## 
#|
   This file uses the GRacket editor format.
   Open this file in DrRacket version 5.1 or later to read it.

   Most likely, it was created by saving a program in DrRacket,
   and it probably contains a program with non-text elements
   (such as images or comment boxes).

            http://racket-lang.org/
|#
 28 7 #"wxtext\0"
3 1 6 #"wxtab\0"
1 1 8 #"wximage\0"
2 0 8 #"wxmedia\0"
4 1 34 #"(lib \"syntax-browser.ss\" \"mrlib\")\0"
1 0 16 #"drscheme:number\0"
3 0 44 #"(lib \"number-snip.ss\" \"drscheme\" \"private\")\0"
1 0 36 #"(lib \"comment-snip.ss\" \"framework\")\0"
1 0 43 #"(lib \"collapsed-snipclass.ss\" \"framework\")\0"
0 0 19 #"drscheme:sexp-snip\0"
0 0 36 #"(lib \"cache-image-snip.ss\" \"mrlib\")\0"
1 0 68
(
 #"((lib \"image-core.ss\" \"mrlib\") (lib \"image-core-wxme.rkt\" \"mr"
 #"lib\"))\0"
) 1 0 33 #"(lib \"bullet-snip.ss\" \"browser\")\0"
0 0 29 #"drscheme:bindings-snipclass%\0"
1 0 25 #"(lib \"matrix.ss\" \"htdp\")\0"
1 0 22 #"drscheme:lambda-snip%\0"
1 0 57
#"(lib \"hrule-snip.rkt\" \"macro-debugger\" \"syntax-browser\")\0"
1 0 45 #"(lib \"image-snipr.ss\" \"slideshow\" \"private\")\0"
1 0 26 #"drscheme:pict-value-snip%\0"
0 0 38 #"(lib \"pict-snipclass.ss\" \"slideshow\")\0"
2 0 55 #"(lib \"vertical-separator-snip.ss\" \"stepper\" \"private\")\0"
1 0 18 #"drscheme:xml-snip\0"
1 0 31 #"(lib \"xml-snipclass.ss\" \"xml\")\0"
1 0 21 #"drscheme:scheme-snip\0"
2 0 34 #"(lib \"scheme-snipclass.ss\" \"xml\")\0"
1 0 10 #"text-box%\0"
1 0 32 #"(lib \"text-snipclass.ss\" \"xml\")\0"
1 0 15 #"test-case-box%\0"
2 0 1 6 #"wxloc\0"
          0 0 69 0 1 #"\0"
0 75 1 #"\0"
0 12 90 -1 90 -1 3 -1 0 1 0 1 0 0 0 0 0 0 0 0 0 0 0 255 255 255 1 -1 0 9
#"Standard\0"
0 75 10 #"Monospace\0"
0 12 90 -1 90 -1 3 -1 0 1 0 1 0 0 0 0 0 0 0 0 0 0 0 255 255 255 1 -1 2 1
#"\0"
0 -1 1 #"\0"
1 0 -1 -1 -1 -1 -1 -1 0 0 0 0 0 0 1 1 1 1 1 1 0 0 0 0 0 0 -1 -1 2 24
#"framework:default-color\0"
0 -1 1 #"\0"
1 0 -1 -1 -1 -1 -1 -1 0 0 0 0 0 0 0 0 0 1 1 1 0 0 0 0 0 0 -1 -1 2 1
#"\0"
0 -1 1 #"\0"
1 0 -1 -1 -1 -1 -1 -1 0 0 0 0 0 0 0 0 0 1 1 1 150 0 150 0 0 0 -1 -1 2 15
#"text:ports out\0"
0 -1 1 #"\0"
1 0 -1 -1 -1 -1 -1 -1 0 0 0 0 0 0 0 0 0 1 1 1 150 0 150 0 0 0 -1 -1 2 1
#"\0"
0 -1 1 #"\0"
1.0 0 -1 -1 93 -1 -1 -1 0 0 0 0 0 0 0 0 0 1.0 1.0 1.0 255 0 0 0 0 0 -1
-1 2 15 #"text:ports err\0"
0 -1 1 #"\0"
1.0 0 -1 -1 93 -1 -1 -1 0 0 0 0 0 0 0 0 0 1.0 1.0 1.0 255 0 0 0 0 0 -1
-1 2 1 #"\0"
0 -1 1 #"\0"
1 0 -1 -1 -1 -1 -1 -1 0 0 0 0 0 0 0 0 0 1 1 1 0 0 175 0 0 0 -1 -1 2 17
#"text:ports value\0"
0 -1 1 #"\0"
1 0 -1 -1 -1 -1 -1 -1 0 0 0 0 0 0 0 0 0 1 1 1 0 0 175 0 0 0 -1 -1 2 1
#"\0"
0 -1 1 #"\0"
1.0 0 92 -1 -1 -1 -1 -1 0 0 0 0 0 0 0 0 0 1.0 1.0 1.0 34 139 34 0 0 0 -1
-1 2 27 #"Matching Parenthesis Style\0"
0 -1 1 #"\0"
1.0 0 92 -1 -1 -1 -1 -1 0 0 0 0 0 0 0 0 0 1.0 1.0 1.0 34 139 34 0 0 0 -1
-1 2 1 #"\0"
0 -1 1 #"\0"
1 0 -1 -1 -1 -1 -1 -1 0 0 0 0 0 0 0 0 0 1 1 1 38 38 128 0 0 0 -1 -1 2 37
#"framework:syntax-color:scheme:symbol\0"
0 -1 1 #"\0"
1 0 -1 -1 -1 -1 -1 -1 0 0 0 0 0 0 0 0 0 1 1 1 38 38 128 0 0 0 -1 -1 2 38
#"framework:syntax-color:scheme:keyword\0"
0 -1 1 #"\0"
1 0 -1 -1 -1 -1 -1 -1 0 0 0 0 0 0 0 0 0 1 1 1 38 38 128 0 0 0 -1 -1 2 1
#"\0"
0 -1 1 #"\0"
1 0 -1 -1 -1 -1 -1 -1 0 0 0 0 0 0 0 0 0 1 1 1 194 116 31 0 0 0 -1 -1 2
38 #"framework:syntax-color:scheme:comment\0"
0 -1 1 #"\0"
1 0 -1 -1 -1 -1 -1 -1 0 0 0 0 0 0 0 0 0 1 1 1 194 116 31 0 0 0 -1 -1 2 1
#"\0"
0 -1 1 #"\0"
1 0 -1 -1 -1 -1 -1 -1 0 0 0 0 0 0 0 0 0 1 1 1 41 128 38 0 0 0 -1 -1 2 37
#"framework:syntax-color:scheme:string\0"
0 -1 1 #"\0"
1 0 -1 -1 -1 -1 -1 -1 0 0 0 0 0 0 0 0 0 1 1 1 41 128 38 0 0 0 -1 -1 2 39
#"framework:syntax-color:scheme:constant\0"
0 -1 1 #"\0"
1 0 -1 -1 -1 -1 -1 -1 0 0 0 0 0 0 0 0 0 1 1 1 41 128 38 0 0 0 -1 -1 2 1
#"\0"
0 -1 1 #"\0"
1 0 -1 -1 -1 -1 -1 -1 0 0 0 0 0 0 0 0 0 1 1 1 132 60 36 0 0 0 -1 -1 2 42
#"framework:syntax-color:scheme:parenthesis\0"
0 -1 1 #"\0"
1 0 -1 -1 -1 -1 -1 -1 0 0 0 0 0 0 0 0 0 1 1 1 132 60 36 0 0 0 -1 -1 2 1
#"\0"
0 -1 1 #"\0"
1 0 -1 -1 -1 -1 -1 -1 0 0 0 0 0 0 0 0 0 1 1 1 255 0 0 0 0 0 -1 -1 2 36
#"framework:syntax-color:scheme:error\0"
0 -1 1 #"\0"
1 0 -1 -1 -1 -1 -1 -1 0 0 0 0 0 0 0 0 0 1 1 1 255 0 0 0 0 0 -1 -1 2 1
#"\0"
0 -1 1 #"\0"
1 0 -1 -1 -1 -1 -1 -1 0 0 0 0 0 0 0 0 0 1 1 1 0 0 0 0 0 0 -1 -1 2 36
#"framework:syntax-color:scheme:other\0"
0 -1 1 #"\0"
1 0 -1 -1 -1 -1 -1 -1 0 0 0 0 0 0 0 0 0 1 1 1 0 0 0 0 0 0 -1 -1 2 1
#"\0"
0 -1 1 #"\0"
1 0 -1 -1 -1 -1 -1 -1 0 0 0 0 0 0 0 0 0 1 1 1 81 112 203 0 0 0 -1 -1 2
38 #"drracket:check-syntax:lexically-bound\0"
0 -1 1 #"\0"
1 0 -1 -1 -1 -1 -1 -1 0 0 0 0 0 0 0 0 0 1 1 1 81 112 203 0 0 0 -1 -1 2 1
#"\0"
0 -1 1 #"\0"
1 0 -1 -1 -1 -1 -1 -1 0 0 0 0 0 0 0 0 0 1 1 1 178 34 34 0 0 0 -1 -1 2 28
#"drracket:check-syntax:set!d\0"
0 -1 1 #"\0"
1 0 -1 -1 -1 -1 -1 -1 0 0 0 0 0 0 0 0 0 1 1 1 178 34 34 0 0 0 -1 -1 2 1
#"\0"
0 -1 1 #"\0"
1 0 -1 -1 -1 -1 -1 -1 0 0 0 0 0 0 0 0 0 1 1 1 68 0 203 0 0 0 -1 -1 2 31
#"drracket:check-syntax:imported\0"
0 -1 1 #"\0"
1 0 -1 -1 -1 -1 -1 -1 0 0 0 0 0 0 0 0 0 1 1 1 68 0 203 0 0 0 -1 -1 2 47
#"drracket:check-syntax:my-obligation-style-pref\0"
0 -1 1 #"\0"
1 0 -1 -1 -1 -1 -1 -1 0 0 0 0 0 0 0 0 0 1 1 1 178 34 34 0 0 0 -1 -1 2 1
#"\0"
0 -1 1 #"\0"
1 0 -1 -1 -1 -1 -1 -1 0 0 0 0 0 0 0 0 0 1 1 1 0 116 0 0 0 0 -1 -1 2 50
#"drracket:check-syntax:their-obligation-style-pref\0"
0 -1 1 #"\0"
1 0 -1 -1 -1 -1 -1 -1 0 0 0 0 0 0 0 0 0 1 1 1 0 116 0 0 0 0 -1 -1 2 48
#"drracket:check-syntax:unk-obligation-style-pref\0"
0 -1 1 #"\0"
1 0 -1 -1 -1 -1 -1 -1 0 0 0 0 0 0 0 0 0 1 1 1 0 0 0 0 0 0 -1 -1 2 1
#"\0"
0 -1 1 #"\0"
1 0 -1 -1 -1 -1 -1 -1 0 0 0 0 0 0 0 0 0 1 1 1 139 142 28 0 0 0 -1 -1 2
49 #"drracket:check-syntax:both-obligation-style-pref\0"
0 -1 1 #"\0"
1 0 -1 -1 -1 -1 -1 -1 0 0 0 0 0 0 0 0 0 1 1 1 139 142 28 0 0 0 -1 -1 4 1
#"\0"
0 70 1 #"\0"
1.0 0 -1 -1 -1 -1 -1 -1 0 0 0 0 0 0 1.0 1.0 1.0 1.0 1.0 1.0 0 0 0 0 0 0
-1 -1 4 4 #"XML\0"
0 70 1 #"\0"
1.0 0 -1 -1 -1 -1 -1 -1 0 0 0 0 0 0 1.0 1.0 1.0 1.0 1.0 1.0 0 0 0 0 0 0
-1 -1 4 1 #"\0"
0 71 1 #"\0"
1.0 0 -1 -1 -1 -1 -1 -1 0 0 0 0 0 0 1.0 1.0 1.0 1.0 1.0 1.0 0 0 0 0 0 0
-1 -1 4 1 #"\0"
0 -1 1 #"\0"
1.0 0 -1 -1 -1 -1 -1 -1 1 0 0 0 0 0 0 0 0 1.0 1.0 1.0 0 0 255 0 0 0 -1
-1 4 1 #"\0"
0 71 1 #"\0"
1.0 0 -1 -1 -1 -1 -1 -1 1 0 0 0 0 0 0 0 0 1.0 1.0 1.0 0 0 255 0 0 0 -1
-1 4 1 #"\0"
0 71 1 #"\0"
1.0 0 -1 -1 -1 -1 -1 -1 0 0 0 0 0 0 0 0 0 1.0 1.0 1.0 0 100 0 0 0 0 -1
-1 2 1 #"\0"
0 71 1 #"\0"
1.0 0 -1 -1 -1 -1 -1 -1 0 0 0 0 0 0 1.0 1.0 1.0 1.0 1.0 1.0 0 0 0 0 0 0
-1 -1 2 1 #"\0"
0 71 1 #"\0"
1.0 0 -1 -1 -1 -1 -1 -1 0 0 0 0 0 0 0 0 0 1.0 1.0 1.0 0 100 0 0 0 0 -1
-1 22 1 #"\0"
0 -1 1 #"\0"
1 0 -1 -1 -1 -1 -1 -1 0 0 0 0 1 0 0 0 0 1 1 1 0 0 0 0 0 0 -1 -1 15 1
#"\0"
0 -1 1 #"\0"
1 0 -1 -1 -1 -1 -1 -1 0 0 0 0 1 0 0 0 0 1 1 1 0 0 0 0 0 0 -1 -1 4 1
#"\0"
0 -1 1 #"\0"
1 0 -1 -1 -1 -1 -1 -1 0 0 0 0 1 0 0 0 0 1 1 1 0 0 0 0 0 0 -1 -1 14 1
#"\0"
0 -1 1 #"\0"
1 0 -1 -1 -1 -1 -1 -1 0 0 0 0 1 0 0 0 0 1 1 1 0 0 0 0 0 0 -1 -1 22 1
#"\0"
0 -1 1 #"\0"
1 0 -1 -1 -1 -1 -1 -1 0 0 0 0 0 1 0 0 0 0 0 0 255 165 0 0 0 0 -1 -1 15 1
#"\0"
0 -1 1 #"\0"
1 0 -1 -1 -1 -1 -1 -1 0 0 0 0 0 1 0 0 0 0 0 0 255 165 0 0 0 0 -1 -1 4 1
#"\0"
0 -1 1 #"\0"
1 0 -1 -1 -1 -1 -1 -1 0 0 0 0 0 1 0 0 0 0 0 0 255 165 0 0 0 0 -1 -1 14 1
#"\0"
0 -1 1 #"\0"
1 0 -1 -1 -1 -1 -1 -1 0 0 0 0 0 1 0 0 0 0 0 0 255 165 0 0 0 0 -1 -1 20 1
#"\0"
0 -1 1 #"\0"
1 0 -1 -1 -1 -1 -1 -1 0 0 0 0 1 0 0 0 0 1 1 1 0 0 0 0 0 0 -1 -1 20 1
#"\0"
0 -1 1 #"\0"
1 0 -1 -1 -1 -1 -1 -1 0 0 0 0 0 1 0 0 0 0 0 0 255 165 0 0 0 0 -1 -1 4 1
#"\0"
0 -1 1 #"\0"
1.0 0 -1 -1 -1 -1 -1 -1 0 0 0 0 1 0 0 0 0 0 0 0 0 0 0 255 255 255 -1 -1
22 1 #"\0"
0 -1 1 #"\0"
1.0 0 -1 -1 -1 -1 -1 -1 0 0 0 0 1 0 0 0 0 0 0 0 0 0 0 255 255 255 -1 -1
15 1 #"\0"
0 -1 1 #"\0"
1.0 0 -1 -1 -1 -1 -1 -1 0 0 0 0 1 0 0 0 0 0 0 0 0 0 0 255 255 255 -1 -1
14 1 #"\0"
0 -1 1 #"\0"
1.0 0 -1 -1 -1 -1 -1 -1 0 0 0 0 1 0 0 0 0 0 0 0 0 0 0 255 255 255 -1 -1
20 1 #"\0"
0 -1 1 #"\0"
1.0 0 -1 -1 -1 -1 -1 -1 0 0 0 0 1 0 0 0 0 0 0 0 0 0 0 255 255 255 -1 -1
24 1 #"\0"
0 -1 1 #"\0"
1 0 -1 -1 -1 -1 -1 -1 0 0 0 0 1 0 0 0 0 1 1 1 0 0 0 0 0 0 -1 -1 24 1
#"\0"
0 -1 1 #"\0"
1 0 -1 -1 -1 -1 -1 -1 0 0 0 0 0 1 0 0 0 0 0 0 255 165 0 0 0 0 -1 -1 19 1
#"\0"
0 -1 1 #"\0"
1 0 -1 -1 -1 -1 -1 -1 0 0 0 0 1 0 0 0 0 1 1 1 0 0 0 0 0 0 -1 -1 19 1
#"\0"
0 -1 1 #"\0"
1 0 -1 -1 -1 -1 -1 -1 0 0 0 0 0 1 0 0 0 0 0 0 255 165 0 0 0 0 -1 -1 17 1
#"\0"
0 -1 1 #"\0"
1.0 0 -1 -1 -1 -1 -1 -1 0 0 0 0 1 0 0 0 0 0 0 0 0 0 0 255 255 255 -1 -1
19 1 #"\0"
0 -1 1 #"\0"
1.0 0 -1 -1 -1 -1 -1 -1 0 0 0 0 1 0 0 0 0 0 0 0 0 0 0 255 255 255 -1 -1
24 1 #"\0"
0 -1 1 #"\0"
1.0 0 -1 -1 -1 -1 -1 -1 0 0 0 0 1 0 0 0 0 0 0 0 0 0 0 255 255 255 -1 -1
          0 1394 0 4 3 85
(
 #";; The first three lines of this file were inserted by DrRacket. The"
 #"y record metadata"
) 0 0 4 29 1 #"\n"
0 0 4 3 85
(
 #";; about the language level of this file in a form that our tools ca"
 #"n easily process."
) 0 0 4 29 1 #"\n"
0 0 4 3 401
(
 #"#reader(lib \"htdp-beginner-reader.ss\" \"lang\")((modname |#10_27_3"
 #"_2011#1#|) (read-case-sensitive #t) (teachpacks ((lib \"draw.ss\" \""
 #"teachpack\" \"htdp\") (lib \"hangman.ss\" \"teachpack\" \"htdp\") (l"
 #"ib \"guess.ss\" \"teachpack\" \"htdp\"))) (htdp-settings #(#t constr"
 #"uctor repeating-decimal #f #t no"
 #"ne #f ((lib \"draw.ss\" \"teachpack\" \"htdp\") (lib \"hangman.ss\" "
 #"\"teachpack\" \"htdp\") (lib \"guess.ss\" \"teachpack\" \"htdp\"))))"
 #")"
) 0 0 4 29 1 #"\n"
0 0 17 3 36 #";;;................10.1.1 and 10.1.2"
0 0 57 29 1 #"\n"
0 0 22 3 1 #"("
0 0 15 3 6 #"define"
0 0 57 3 1 #" "
0 0 22 3 1 #"("
0 0 14 3 4 #"wage"
0 0 57 3 1 #" "
0 0 14 3 1 #"h"
0 0 22 3 1 #")"
0 0 57 29 1 #"\n"
0 0 57 3 2 #"  "
0 0 22 3 1 #"("
0 0 14 3 1 #"*"
0 0 57 3 1 #" "
0 0 20 3 2 #"12"
0 0 57 3 1 #" "
0 0 14 3 1 #"h"
0 0 22 3 2 #"))"
0 0 68 29 1 #"\n"
0 0 68 29 1 #"\n"
0 0 22 3 1 #"("
0 0 15 3 6 #"define"
0 0 68 3 1 #" "
0 0 22 3 1 #"("
0 0 14 3 12 #"hours->wages"
0 0 68 3 1 #" "
0 0 14 3 6 #"a-list"
0 0 22 3 1 #")"
0 0 68 29 1 #"\n"
0 0 68 3 2 #"  "
0 0 22 3 1 #"("
0 0 15 3 4 #"cond"
0 0 68 29 1 #"\n"
0 0 68 3 4 #"    "
0 0 22 3 2 #"[("
0 0 14 3 6 #"empty?"
0 0 68 3 1 #" "
0 0 14 3 6 #"a-list"
0 0 22 3 1 #")"
0 0 68 3 1 #" "
0 0 14 3 5 #"empty"
0 0 22 3 1 #"]"
0 0 68 29 1 #"\n"
0 0 68 3 4 #"    "
0 0 22 3 1 #"["
0 0 14 3 4 #"else"
0 0 68 3 1 #" "
0 0 22 3 1 #"("
0 0 15 3 4 #"cond"
0 0 57 3 1 #" "
0 0 57 29 1 #"\n"
0 0 57 3 12 #"            "
0 0 22 3 2 #"[("
0 0 14 3 1 #">"
0 0 57 3 1 #" "
0 0 22 3 1 #"("
0 0 14 3 5 #"first"
0 0 57 3 1 #" "
0 0 14 3 6 #"a-list"
0 0 22 3 1 #")"
0 0 57 3 1 #" "
0 0 20 3 3 #"100"
0 0 22 3 1 #")"
0 0 57 3 1 #" "
0 0 22 3 1 #"("
0 0 14 3 5 #"error"
0 0 57 3 1 #" "
0 0 20 3 1 #"'"
0 0 14 3 11 #"hours-wages"
0 0 57 3 1 #" "
0 0 19 3 16 #"\"Too many Hours\""
0 0 22 3 2 #")]"
0 0 68 29 1 #"\n"
0 0 68 3 12 #"            "
0 0 22 3 1 #"["
0 0 14 3 4 #"else"
0 0 68 3 1 #" "
0 0 22 3 1 #"("
0 0 14 3 4 #"cons"
0 0 68 3 1 #" "
0 0 22 3 1 #"("
0 0 14 3 1 #"+"
0 0 68 3 1 #" "
0 0 20 3 2 #"14"
0 0 68 3 1 #" "
0 0 22 3 1 #"("
0 0 14 3 4 #"wage"
0 0 68 3 1 #" "
0 0 22 3 1 #"("
0 0 14 3 5 #"first"
0 0 68 3 1 #" "
0 0 14 3 6 #"a-list"
0 0 22 3 3 #")))"
0 0 68 3 1 #" "
0 0 22 3 1 #"("
0 0 14 3 12 #"hours->wages"
0 0 68 3 1 #" "
0 0 22 3 1 #"("
0 0 14 3 4 #"rest"
0 0 68 3 1 #" "
0 0 14 3 6 #"a-list"
0 0 22 3 8 #")))])]))"
0 0 57 29 1 #"\n"
0 0 57 29 1 #"\n"
0 0 17 3 31 #";;;......................10.1.3"
0 0 57 29 1 #"\n"
0 0 57 29 1 #"\n"
0 0 22 3 1 #"("
0 0 15 3 6 #"define"
0 0 57 3 1 #" "
0 0 22 3 1 #"("
0 0 14 3 9 #"convertFC"
0 0 57 3 1 #" "
0 0 14 3 6 #"a-list"
0 0 22 3 1 #")"
0 0 57 29 1 #"\n"
0 0 57 3 2 #"  "
0 0 22 3 1 #"("
0 0 15 3 4 #"cond"
0 0 57 29 1 #"\n"
0 0 57 3 4 #"    "
0 0 22 3 2 #"[("
0 0 14 3 6 #"empty?"
0 0 57 3 1 #" "
0 0 14 3 6 #"a-list"
0 0 22 3 1 #")"
0 0 57 3 1 #" "
0 0 14 3 5 #"empty"
0 0 22 3 1 #"]"
0 0 57 29 1 #"\n"
0 0 57 3 4 #"    "
0 0 22 3 1 #"["
0 0 14 3 4 #"else"
0 0 57 3 1 #" "
0 0 22 3 1 #"("
0 0 14 3 4 #"cons"
0 0 57 3 1 #" "
0 0 22 3 1 #"("
0 0 14 3 1 #"*"
0 0 57 3 1 #" "
0 0 22 3 1 #"("
0 0 14 3 1 #"-"
0 0 57 3 1 #" "
0 0 22 3 1 #"("
0 0 14 3 5 #"first"
0 0 57 3 1 #" "
0 0 14 3 6 #"a-list"
0 0 22 3 1 #")"
0 0 57 3 1 #" "
0 0 20 3 2 #"32"
0 0 22 3 1 #")"
0 0 57 3 1 #" "
0 0 22 3 1 #"("
0 0 14 3 1 #"/"
0 0 57 3 1 #" "
0 0 20 3 1 #"5"
0 0 57 3 1 #" "
0 0 20 3 1 #"9"
0 0 22 3 2 #"))"
0 0 57 3 1 #" "
0 0 22 3 1 #"("
0 0 14 3 9 #"convertFC"
0 0 57 3 1 #" "
0 0 22 3 1 #"("
0 0 14 3 4 #"rest"
0 0 57 3 1 #" "
0 0 14 3 6 #"a-list"
0 0 22 3 6 #")))]))"
0 0 57 29 1 #"\n"
0 0 57 29 1 #"\n"
0 0 17 3 31 #";;;......................10.1.4"
0 0 57 29 1 #"\n"
0 0 57 29 1 #"\n"
0 0 22 3 1 #"("
0 0 15 3 6 #"define"
0 0 57 3 1 #" "
0 0 22 3 1 #"("
0 0 14 3 12 #"convert-euro"
0 0 57 3 1 #" "
0 0 14 3 6 #"a-list"
0 0 22 3 1 #")"
0 0 57 29 1 #"\n"
0 0 57 3 2 #"  "
0 0 22 3 1 #"("
0 0 15 3 4 #"cond"
0 0 57 29 1 #"\n"
0 0 57 3 4 #"    "
0 0 22 3 2 #"[("
0 0 14 3 6 #"empty?"
0 0 57 3 1 #" "
0 0 14 3 6 #"a-list"
0 0 22 3 1 #")"
0 0 57 3 1 #" "
0 0 14 3 5 #"empty"
0 0 22 3 1 #"]"
0 0 57 29 1 #"\n"
0 0 57 3 4 #"    "
0 0 22 3 1 #"["
0 0 14 3 4 #"else"
0 0 57 3 1 #" "
0 0 22 3 1 #"("
0 0 14 3 4 #"cons"
0 0 57 3 1 #" "
0 0 22 3 1 #"("
0 0 14 3 1 #"*"
0 0 57 3 1 #" "
0 0 22 3 1 #"("
0 0 14 3 5 #"first"
0 0 57 3 1 #" "
0 0 14 3 6 #"a-list"
0 0 22 3 1 #")"
0 0 57 3 1 #" "
0 0 20 3 4 #"1.22"
0 0 22 3 1 #")"
0 0 57 3 1 #" "
0 0 22 3 1 #"("
0 0 14 3 12 #"convert-euro"
0 0 57 3 1 #" "
0 0 22 3 1 #"("
0 0 14 3 4 #"rest"
0 0 57 3 1 #" "
0 0 14 3 6 #"a-list"
0 0 22 3 6 #")))]))"
0 0 57 29 1 #"\n"
0 0 57 29 1 #"\n"
0 0 17 3 31 #";;;......................10.1.4"
0 0 57 29 1 #"\n"
0 0 57 29 1 #"\n"
0 0 22 3 1 #"("
0 0 15 3 6 #"define"
0 0 57 3 1 #" "
0 0 22 3 1 #"("
0 0 14 3 14 #"convert-euro-1"
0 0 57 3 1 #" "
0 0 14 3 6 #"a-list"
0 0 57 3 1 #" "
0 0 14 3 13 #"exchange-rate"
0 0 22 3 1 #")"
0 0 57 29 1 #"\n"
0 0 57 3 2 #"  "
0 0 22 3 1 #"("
0 0 15 3 4 #"cond"
0 0 57 29 1 #"\n"
0 0 57 3 4 #"    "
0 0 22 3 2 #"[("
0 0 14 3 6 #"empty?"
0 0 57 3 1 #" "
0 0 14 3 6 #"a-list"
0 0 22 3 1 #")"
0 0 57 3 1 #" "
0 0 14 3 5 #"empty"
0 0 22 3 1 #"]"
0 0 57 29 1 #"\n"
0 0 57 3 4 #"    "
0 0 22 3 1 #"["
0 0 14 3 4 #"else"
0 0 57 3 1 #" "
0 0 22 3 1 #"("
0 0 14 3 4 #"cons"
0 0 57 3 1 #" "
0 0 22 3 1 #"("
0 0 14 3 1 #"*"
0 0 57 3 1 #" "
0 0 22 3 1 #"("
0 0 14 3 5 #"first"
0 0 57 3 1 #" "
0 0 14 3 6 #"a-list"
0 0 22 3 1 #")"
0 0 57 3 1 #" "
0 0 14 3 13 #"exchange-rate"
0 0 22 3 1 #")"
0 0 57 3 1 #" "
0 0 22 3 1 #"("
0 0 14 3 14 #"convert-euro-1"
0 0 57 3 1 #" "
0 0 22 3 1 #"("
0 0 14 3 4 #"rest"
0 0 57 3 1 #" "
0 0 14 3 6 #"a-list"
0 0 22 3 1 #")"
0 0 57 3 1 #" "
0 0 14 3 13 #"exchange-rate"
0 0 22 3 5 #"))]))"
0 0 57 29 1 #"\n"
0 0 57 29 1 #"\n"
0 0 17 3 31 #";;.......................10.1.5"
0 0 57 29 1 #"\n"
0 0 57 29 1 #"\n"
0 0 22 3 1 #"("
0 0 15 3 6 #"define"
0 0 57 3 1 #" "
0 0 22 3 1 #"("
0 0 14 3 13 #"eliminate-exp"
0 0 57 3 1 #" "
0 0 14 3 2 #"ua"
0 0 57 3 1 #" "
0 0 14 3 4 #"lotp"
0 0 22 3 1 #")"
0 0 57 29 1 #"\n"
0 0 57 3 2 #"  "
0 0 22 3 1 #"("
0 0 15 3 4 #"cond"
0 0 57 29 1 #"\n"
0 0 57 3 4 #"    "
0 0 22 3 2 #"[("
0 0 14 3 6 #"empty?"
0 0 57 3 1 #" "
0 0 14 3 4 #"lotp"
0 0 22 3 1 #")"
0 0 57 3 1 #" "
0 0 14 3 5 #"empty"
0 0 22 3 1 #"]"
0 0 57 29 1 #"\n"
0 0 57 3 4 #"    "
0 0 22 3 1 #"["
0 0 14 3 4 #"else"
0 0 57 3 1 #" "
0 0 22 3 1 #"("
0 0 15 3 4 #"cond"
0 0 57 29 1 #"\n"
0 0 57 3 12 #"            "
0 0 22 3 2 #"[("
0 0 14 3 2 #"<="
0 0 57 3 1 #" "
0 0 22 3 1 #"("
0 0 14 3 5 #"first"
0 0 57 3 1 #" "
0 0 14 3 4 #"lotp"
0 0 22 3 1 #")"
0 0 57 3 1 #" "
0 0 14 3 2 #"ua"
0 0 22 3 1 #")"
0 0 57 3 1 #" "
0 0 22 3 1 #"("
0 0 14 3 4 #"cons"
0 0 57 3 1 #" "
0 0 22 3 1 #"("
0 0 14 3 5 #"first"
0 0 57 3 1 #" "
0 0 14 3 4 #"lotp"
0 0 22 3 1 #")"
0 0 57 3 1 #" "
0 0 22 3 1 #"("
0 0 14 3 13 #"eliminate-exp"
0 0 57 3 1 #" "
0 0 14 3 2 #"ua"
0 0 57 3 1 #" "
0 0 22 3 1 #"("
0 0 14 3 4 #"rest"
0 0 57 3 1 #" "
0 0 14 3 4 #"lotp"
0 0 22 3 4 #")))]"
0 0 57 29 1 #"\n"
0 0 57 3 12 #"            "
0 0 22 3 1 #"["
0 0 14 3 4 #"else"
0 0 57 3 1 #" "
0 0 22 3 1 #"("
0 0 14 3 13 #"eliminate-exp"
0 0 57 3 1 #" "
0 0 14 3 2 #"ua"
0 0 57 3 1 #" "
0 0 22 3 1 #"("
0 0 14 3 4 #"rest"
0 0 57 3 1 #" "
0 0 14 3 4 #"lotp"
0 0 22 3 7 #"))])]))"
0 0 57 29 1 #"\n"
0 0 57 29 1 #"\n"
0 0 17 3 35 #";............................10.1.6"
0 0 57 29 1 #"\n"
0 0 57 29 1 #"\n"
0 0 22 3 1 #"("
0 0 15 3 6 #"define"
0 0 57 3 1 #" "
0 0 22 3 1 #"("
0 0 14 3 10 #"name-robot"
0 0 57 3 1 #" "
0 0 14 3 6 #"a-list"
0 0 22 3 1 #")"
0 0 57 29 1 #"\n"
0 0 57 3 2 #"  "
0 0 22 3 1 #"("
0 0 15 3 4 #"cond"
0 0 57 3 1 #" "
0 0 57 29 1 #"\n"
0 0 57 3 4 #"    "
0 0 22 3 2 #"[("
0 0 14 3 6 #"empty?"
0 0 57 3 1 #" "
0 0 14 3 6 #"a-list"
0 0 22 3 1 #")"
0 0 57 3 1 #" "
0 0 14 3 5 #"empty"
0 0 22 3 1 #"]"
0 0 57 29 1 #"\n"
0 0 57 3 4 #"    "
0 0 22 3 1 #"["
0 0 14 3 4 #"else"
0 0 57 3 1 #" "
0 0 22 3 1 #"("
0 0 15 3 4 #"cond"
0 0 57 29 1 #"\n"
0 0 57 3 12 #"            "
0 0 22 3 2 #"[("
0 0 14 3 8 #"symbol=?"
0 0 57 3 1 #" "
0 0 20 3 1 #"'"
0 0 14 3 5 #"robot"
0 0 57 3 1 #" "
0 0 22 3 1 #"("
0 0 14 3 5 #"first"
0 0 57 3 1 #" "
0 0 14 3 6 #"a-list"
0 0 22 3 2 #"))"
0 0 57 3 1 #" "
0 0 22 3 1 #"("
0 0 14 3 4 #"cons"
0 0 57 3 1 #" "
0 0 20 3 1 #"'"
0 0 14 3 4 #"r2d2"
0 0 57 3 1 #" "
0 0 22 3 1 #"("
0 0 14 3 10 #"name-robot"
0 0 57 3 1 #" "
0 0 22 3 1 #"("
0 0 14 3 4 #"rest"
0 0 57 3 1 #" "
0 0 14 3 6 #"a-list"
0 0 22 3 3 #")))"
0 0 57 3 1 #" "
0 0 22 3 1 #"]"
0 0 57 29 1 #"\n"
0 0 57 3 12 #"            "
0 0 22 3 1 #"["
0 0 14 3 4 #"else"
0 0 57 3 1 #" "
0 0 22 3 1 #"("
0 0 14 3 4 #"cons"
0 0 57 3 1 #" "
0 0 22 3 1 #"("
0 0 14 3 5 #"first"
0 0 57 3 1 #" "
0 0 14 3 6 #"a-list"
0 0 22 3 1 #")"
0 0 57 3 1 #" "
0 0 22 3 1 #"("
0 0 14 3 10 #"name-robot"
0 0 57 3 1 #" "
0 0 22 3 1 #"("
0 0 14 3 4 #"rest"
0 0 57 3 1 #" "
0 0 14 3 6 #"a-list"
0 0 22 3 8 #")))])]))"
0 0 57 29 1 #"\n"
0 0 57 29 1 #"\n"
0 0 22 3 1 #"("
0 0 15 3 6 #"define"
0 0 57 3 1 #" "
0 0 22 3 1 #"("
0 0 14 3 10 #"substitute"
0 0 57 3 1 #" "
0 0 14 3 5 #"a-new"
0 0 57 3 1 #" "
0 0 14 3 5 #"a-old"
0 0 57 3 1 #" "
0 0 14 3 6 #"a-list"
0 0 22 3 1 #")"
0 0 57 29 1 #"\n"
0 0 57 3 2 #"  "
0 0 22 3 1 #"("
0 0 15 3 4 #"cond"
0 0 57 29 1 #"\n"
0 0 57 3 4 #"    "
0 0 22 3 2 #"[("
0 0 14 3 6 #"empty?"
0 0 57 3 1 #" "
0 0 14 3 6 #"a-list"
0 0 22 3 1 #")"
0 0 57 3 1 #" "
0 0 14 3 5 #"empty"
0 0 22 3 1 #"]"
0 0 57 29 1 #"\n"
0 0 57 3 4 #"    "
0 0 22 3 1 #"["
0 0 14 3 4 #"else"
0 0 57 3 1 #" "
0 0 22 3 1 #"("
0 0 15 3 4 #"cond"
0 0 57 29 1 #"\n"
0 0 57 3 12 #"            "
0 0 22 3 2 #"[("
0 0 14 3 8 #"symbol=?"
0 0 57 3 1 #" "
0 0 22 3 1 #"("
0 0 14 3 5 #"first"
0 0 57 3 1 #" "
0 0 14 3 6 #"a-list"
0 0 22 3 1 #")"
0 0 57 3 1 #" "
0 0 14 3 5 #"a-old"
0 0 22 3 1 #")"
0 0 57 3 1 #" "
0 0 22 3 1 #"("
0 0 14 3 4 #"cons"
0 0 57 3 1 #" "
0 0 14 3 5 #"a-new"
0 0 57 3 1 #" "
0 0 22 3 1 #"("
0 0 14 3 10 #"substitute"
0 0 57 3 1 #" "
0 0 14 3 5 #"a-new"
0 0 57 3 1 #" "
0 0 14 3 5 #"a-old"
0 0 57 3 1 #" "
0 0 22 3 1 #"("
0 0 14 3 4 #"rest"
0 0 57 3 1 #" "
0 0 14 3 6 #"a-list"
0 0 22 3 4 #")))]"
0 0 57 29 1 #"\n"
0 0 57 3 12 #"            "
0 0 22 3 1 #"["
0 0 14 3 4 #"else"
0 0 57 3 1 #" "
0 0 22 3 1 #"("
0 0 14 3 4 #"cons"
0 0 57 3 1 #" "
0 0 22 3 1 #"("
0 0 14 3 5 #"first"
0 0 57 3 1 #" "
0 0 14 3 6 #"a-list"
0 0 22 3 1 #")"
0 0 57 3 1 #" "
0 0 22 3 1 #"("
0 0 14 3 10 #"substitute"
0 0 57 3 1 #" "
0 0 14 3 5 #"a-new"
0 0 57 3 1 #" "
0 0 14 3 5 #"a-old"
0 0 57 3 1 #" "
0 0 22 3 1 #"("
0 0 14 3 4 #"rest"
0 0 57 3 1 #" "
0 0 14 3 6 #"a-list"
0 0 22 3 8 #")))])]))"
0 0 57 29 1 #"\n"
0 0 57 29 1 #"\n"
0 0 17 3 33 #";;;;;;;;;..................10.1.7"
0 0 57 29 1 #"\n"
0 0 57 29 1 #"\n"
0 0 22 3 1 #"("
0 0 15 3 6 #"define"
0 0 57 3 1 #" "
0 0 22 3 1 #"("
0 0 14 3 6 #"recall"
0 0 57 3 1 #" "
0 0 14 3 2 #"ty"
0 0 57 3 1 #" "
0 0 14 3 3 #"lon"
0 0 22 3 1 #")"
0 0 57 29 1 #"\n"
0 0 57 3 2 #"  "
0 0 22 3 1 #"("
0 0 15 3 4 #"cond"
0 0 57 29 1 #"\n"
0 0 57 3 4 #"    "
0 0 22 3 2 #"[("
0 0 14 3 6 #"empty?"
0 0 57 3 1 #" "
0 0 14 3 3 #"lon"
0 0 22 3 1 #")"
0 0 57 3 1 #" "
0 0 14 3 5 #"empty"
0 0 22 3 1 #"]"
0 0 57 29 1 #"\n"
0 0 57 3 4 #"    "
0 0 22 3 1 #"["
0 0 14 3 4 #"else"
0 0 57 3 1 #" "
0 0 22 3 1 #"("
0 0 15 3 4 #"cond"
0 0 57 29 1 #"\n"
0 0 57 3 12 #"            "
0 0 22 3 2 #"[("
0 0 14 3 8 #"symbol=?"
0 0 57 3 1 #" "
0 0 14 3 2 #"ty"
0 0 57 3 1 #" "
0 0 22 3 1 #"("
0 0 14 3 5 #"first"
0 0 57 3 1 #" "
0 0 14 3 3 #"lon"
0 0 22 3 2 #"))"
0 0 57 3 1 #" "
0 0 22 3 1 #"("
0 0 14 3 6 #"recall"
0 0 57 3 1 #" "
0 0 14 3 2 #"ty"
0 0 57 3 1 #" "
0 0 22 3 1 #"("
0 0 14 3 4 #"rest"
0 0 57 3 1 #" "
0 0 14 3 3 #"lon"
0 0 22 3 3 #"))]"
0 0 57 29 1 #"\n"
0 0 57 3 12 #"            "
0 0 22 3 1 #"["
0 0 14 3 4 #"else"
0 0 57 3 1 #" "
0 0 22 3 1 #"("
0 0 14 3 4 #"cons"
0 0 57 3 1 #" "
0 0 22 3 1 #"("
0 0 14 3 5 #"first"
0 0 57 3 1 #" "
0 0 14 3 3 #"lon"
0 0 22 3 1 #")"
0 0 57 3 1 #" "
0 0 22 3 1 #"("
0 0 14 3 6 #"recall"
0 0 57 3 1 #" "
0 0 14 3 2 #"ty"
0 0 57 3 1 #" "
0 0 22 3 1 #"("
0 0 14 3 4 #"rest"
0 0 57 3 1 #" "
0 0 14 3 3 #"lon"
0 0 22 3 8 #")))])]))"
0 0 57 29 1 #"\n"
0 0 57 29 1 #"\n"
0 0 17 3 36 #";;;;;;;;;;....................10.1.8"
0 0 57 29 1 #"\n"
0 0 57 29 1 #"\n"
0 0 22 3 1 #"("
0 0 15 3 6 #"define"
0 0 57 3 1 #" "
0 0 22 3 1 #"("
0 0 14 3 15 #"quadratic-roots"
0 0 57 3 1 #" "
0 0 14 3 1 #"a"
0 0 57 3 1 #" "
0 0 14 3 1 #"b"
0 0 57 3 1 #" "
0 0 14 3 1 #"c"
0 0 22 3 1 #")"
0 0 57 29 1 #"\n"
0 0 57 3 2 #"  "
0 0 22 3 1 #"("
0 0 15 3 4 #"cond"
0 0 57 3 1 #" "
0 0 57 29 1 #"\n"
0 0 57 3 4 #"    "
0 0 22 3 2 #"[("
0 0 14 3 1 #"="
0 0 57 3 1 #" "
0 0 14 3 1 #"a"
0 0 57 3 1 #" "
0 0 20 3 1 #"0"
0 0 22 3 1 #")"
0 0 57 3 1 #" "
0 0 20 3 1 #"'"
0 0 14 3 10 #"degenerate"
0 0 22 3 1 #"]"
0 0 57 29 1 #"\n"
0 0 57 3 4 #"    "
0 0 22 3 2 #"[("
0 0 14 3 1 #"<"
0 0 57 3 1 #" "
0 0 22 3 1 #"("
0 0 14 3 3 #"sqr"
0 0 57 3 1 #" "
0 0 14 3 1 #"b"
0 0 22 3 1 #")"
0 0 57 3 1 #" "
0 0 22 3 1 #"("
0 0 14 3 1 #"*"
0 0 57 3 1 #" "
0 0 20 3 1 #"4"
0 0 57 3 1 #" "
0 0 14 3 1 #"a"
0 0 57 3 1 #" "
0 0 14 3 1 #"c"
0 0 22 3 2 #"))"
0 0 57 3 1 #" "
0 0 20 3 1 #"'"
0 0 14 3 4 #"none"
0 0 22 3 1 #"]"
0 0 57 29 1 #"\n"
0 0 57 3 4 #"    "
0 0 22 3 2 #"[("
0 0 14 3 1 #"="
0 0 57 3 1 #" "
0 0 22 3 1 #"("
0 0 14 3 3 #"sqr"
0 0 57 3 1 #" "
0 0 14 3 1 #"b"
0 0 22 3 1 #")"
0 0 57 3 1 #" "
0 0 22 3 1 #"("
0 0 14 3 1 #"*"
0 0 57 3 1 #" "
0 0 20 3 1 #"4"
0 0 57 3 1 #" "
0 0 14 3 1 #"a"
0 0 57 3 1 #" "
0 0 14 3 1 #"c"
0 0 22 3 2 #"))"
0 0 57 3 1 #" "
0 0 22 3 1 #"("
0 0 14 3 1 #"/"
0 0 57 3 1 #" "
0 0 22 3 1 #"("
0 0 14 3 1 #"*"
0 0 57 3 1 #" "
0 0 14 3 1 #"b"
0 0 57 3 1 #" "
0 0 20 3 2 #"-1"
0 0 22 3 1 #")"
0 0 57 3 1 #" "
0 0 22 3 1 #"("
0 0 14 3 1 #"*"
0 0 57 3 1 #" "
0 0 20 3 1 #"2"
0 0 57 3 1 #" "
0 0 14 3 1 #"a"
0 0 22 3 3 #"))]"
0 0 57 29 1 #"\n"
0 0 57 3 4 #"    "
0 0 22 3 2 #"[("
0 0 14 3 1 #">"
0 0 57 3 1 #" "
0 0 22 3 1 #"("
0 0 14 3 3 #"sqr"
0 0 22 3 1 #")"
0 0 57 3 1 #" "
0 0 22 3 1 #"("
0 0 14 3 1 #"*"
0 0 57 3 1 #" "
0 0 20 3 1 #"4"
0 0 57 3 1 #" "
0 0 14 3 1 #"a"
0 0 57 3 1 #" "
0 0 14 3 1 #"c"
0 0 22 3 2 #"))"
0 0 57 3 1 #" "
0 0 22 3 1 #"("
0 0 14 3 4 #"cons"
0 0 57 3 1 #" "
0 0 22 3 1 #"("
0 0 14 3 1 #"/"
0 0 57 3 1 #" "
0 0 22 3 1 #"("
0 0 14 3 1 #"+"
0 0 57 3 1 #" "
0 0 22 3 1 #"("
0 0 14 3 1 #"*"
0 0 57 3 1 #" "
0 0 14 3 1 #"b"
0 0 57 3 1 #" "
0 0 20 3 2 #"-1"
0 0 22 3 1 #")"
0 0 57 3 1 #" "
0 0 22 3 1 #"("
0 0 14 3 4 #"sqrt"
0 0 22 3 1 #"("
0 0 14 3 1 #"-"
0 0 57 3 1 #" "
0 0 22 3 1 #"("
0 0 14 3 3 #"sqr"
0 0 57 3 1 #" "
0 0 14 3 1 #"b"
0 0 22 3 1 #")"
0 0 57 3 1 #" "
0 0 22 3 1 #"("
0 0 14 3 1 #"*"
0 0 57 3 1 #" "
0 0 20 3 1 #"4"
0 0 57 3 1 #" "
0 0 14 3 1 #"a"
0 0 57 3 1 #" "
0 0 14 3 1 #"c"
0 0 22 3 4 #"))))"
0 0 57 3 1 #" "
0 0 22 3 1 #"("
0 0 14 3 1 #"*"
0 0 57 3 1 #" "
0 0 20 3 1 #"2"
0 0 57 3 1 #" "
0 0 14 3 1 #"a"
0 0 22 3 2 #"))"
0 0 57 3 1 #" "
0 0 22 3 1 #"("
0 0 14 3 4 #"cons"
0 0 57 3 1 #" "
0 0 22 3 1 #"("
0 0 14 3 1 #"/"
0 0 57 3 1 #" "
0 0 22 3 1 #"("
0 0 14 3 1 #"-"
0 0 57 3 1 #" "
0 0 22 3 1 #"("
0 0 14 3 1 #"*"
0 0 57 3 1 #" "
0 0 14 3 1 #"b"
0 0 57 3 1 #" "
0 0 20 3 2 #"-1"
0 0 22 3 1 #")"
0 0 57 3 1 #" "
0 0 22 3 1 #"("
0 0 14 3 4 #"sqrt"
0 0 57 3 1 #" "
0 0 22 3 1 #"("
0 0 14 3 1 #"-"
0 0 57 3 1 #" "
0 0 22 3 1 #"("
0 0 14 3 3 #"sqr"
0 0 57 3 1 #" "
0 0 14 3 1 #"b"
0 0 22 3 1 #")"
0 0 57 11 1 #" "
0 0 22 3 1 #"("
0 0 14 3 1 #"*"
0 0 57 3 1 #" "
0 0 20 3 1 #"4"
0 0 57 3 1 #" "
0 0 14 3 1 #"a"
0 0 57 3 1 #" "
0 0 14 3 1 #"c"
0 0 22 3 4 #"))))"
0 0 57 3 1 #" "
0 0 22 3 1 #"("
0 0 14 3 1 #"*"
0 0 57 3 1 #" "
0 0 20 3 1 #"2"
0 0 57 3 1 #" "
0 0 14 3 1 #"a"
0 0 22 3 2 #"))"
0 0 57 3 1 #" "
0 0 14 3 5 #"empty"
0 0 22 3 5 #"))]))"
0 0 57 29 1 #"\n"
0 0 57 29 1 #"\n"
0 0 17 3 39 #";;...............................10.1.9"
0 0 57 29 1 #"\n"
0 0 57 29 1 #"\n"
0 0 22 3 1 #"("
0 0 15 3 6 #"define"
0 0 57 3 1 #" "
0 0 22 3 1 #"("
0 0 14 3 10 #"controller"
0 0 57 3 1 #" "
0 0 14 3 6 #"amount"
0 0 22 3 1 #")"
0 0 57 29 1 #"\n"
0 0 57 3 2 #"  "
0 0 22 3 1 #"("
0 0 14 3 4 #"cons"
0 0 57 3 1 #" "
0 0 22 3 1 #"("
0 0 14 3 8 #"quotient"
0 0 57 3 1 #" "
0 0 14 3 6 #"amount"
0 0 57 3 1 #" "
0 0 20 3 3 #"100"
0 0 22 3 1 #")"
0 0 57 3 1 #" "
0 0 22 3 1 #"("
0 0 14 3 4 #"cons"
0 0 57 3 1 #" "
0 0 22 3 1 #"("
0 0 15 3 4 #"cond"
0 0 57 3 1 #" "
0 0 57 29 1 #"\n"
0 0 57 3 42 #"                                          "
0 0 22 3 2 #"[("
0 0 14 3 1 #"="
0 0 57 3 1 #" "
0 0 22 3 1 #"("
0 0 14 3 8 #"quotient"
0 0 57 3 1 #" "
0 0 14 3 6 #"amount"
0 0 57 3 1 #" "
0 0 20 3 3 #"100"
0 0 22 3 1 #")"
0 0 57 3 1 #" "
0 0 20 3 1 #"1"
0 0 22 3 1 #")"
0 0 57 3 1 #" "
0 0 20 3 1 #"'"
0 0 14 3 6 #"dollar"
0 0 22 3 1 #"]"
0 0 57 29 1 #"\n"
0 0 57 3 42 #"                                          "
0 0 22 3 1 #"["
0 0 14 3 4 #"else"
0 0 57 3 1 #" "
0 0 20 3 1 #"'"
0 0 14 3 7 #"dollars"
0 0 22 3 2 #"])"
0 0 57 3 1 #" "
0 0 22 3 1 #"("
0 0 14 3 4 #"cons"
0 0 57 3 2 #"  "
0 0 20 3 1 #"'"
0 0 14 3 3 #"and"
0 0 57 3 1 #" "
0 0 22 3 1 #"("
0 0 14 3 4 #"cons"
0 0 57 3 1 #" "
0 0 22 3 1 #"("
0 0 14 3 9 #"remainder"
0 0 57 3 1 #" "
0 0 14 3 6 #"amount"
0 0 57 3 1 #" "
0 0 20 3 3 #"100"
0 0 22 3 1 #")"
0 0 57 3 1 #" "
0 0 22 3 1 #"("
0 0 14 3 4 #"cons"
0 0 57 3 1 #" "
0 0 22 3 1 #"("
0 0 15 3 4 #"cond"
0 0 57 29 1 #"\n"
0 0 57 3 79
(
 #"                                                                    "
 #"           "
) 0 0 22 3 2 #"[("
0 0 14 3 1 #"="
0 0 57 3 1 #" "
0 0 22 3 1 #"("
0 0 14 3 9 #"remainder"
0 0 57 3 1 #" "
0 0 14 3 6 #"amount"
0 0 57 3 1 #" "
0 0 20 3 3 #"100"
0 0 22 3 1 #")"
0 0 57 3 1 #" "
0 0 20 3 1 #"1"
0 0 22 3 1 #")"
0 0 57 3 1 #" "
0 0 20 3 1 #"'"
0 0 14 3 4 #"cent"
0 0 22 3 1 #"]"
0 0 57 29 1 #"\n"
0 0 57 3 79
(
 #"                                                                    "
 #"           "
) 0 0 22 3 1 #"["
0 0 14 3 4 #"else"
0 0 57 3 1 #" "
0 0 20 3 1 #"'"
0 0 14 3 5 #"cents"
0 0 22 3 2 #"])"
0 0 57 3 1 #" "
0 0 14 3 5 #"empty"
0 0 22 3 6 #"))))))"
0 0 57 29 1 #"\n"
0 0 57 29 1 #"\n"
0 0 17 3 54 #";;................................10.2.0.............."
0 0 57 29 1 #"\n"
0 0 57 29 1 #"\n"
0 0 22 3 1 #"("
0 0 15 3 13 #"define-struct"
0 0 57 3 1 #" "
0 0 14 3 2 #"ir"
0 0 22 3 1 #"("
0 0 14 3 4 #"name"
0 0 57 3 1 #" "
0 0 14 3 5 #"price"
0 0 22 3 2 #"))"
0 0 57 29 1 #"\n"
0 0 57 29 1 #"\n"
0 0 22 3 1 #"("
0 0 15 3 6 #"define"
0 0 57 3 1 #" "
0 0 22 3 1 #"("
0 0 14 3 3 #"sum"
0 0 57 3 1 #" "
0 0 14 3 5 #"a-inv"
0 0 22 3 1 #")"
0 0 57 29 1 #"\n"
0 0 57 3 2 #"  "
0 0 22 3 1 #"("
0 0 15 3 4 #"cond"
0 0 57 3 1 #" "
0 0 57 29 1 #"\n"
0 0 57 3 4 #"    "
0 0 22 3 2 #"[("
0 0 14 3 6 #"empty?"
0 0 57 3 1 #" "
0 0 14 3 5 #"a-inv"
0 0 22 3 1 #")"
0 0 57 3 1 #" "
0 0 20 3 1 #"0"
0 0 22 3 1 #"]"
0 0 57 29 1 #"\n"
0 0 57 3 4 #"    "
0 0 22 3 1 #"["
0 0 14 3 4 #"else"
0 0 57 3 1 #" "
0 0 22 3 1 #"("
0 0 14 3 1 #"+"
0 0 57 3 1 #" "
0 0 22 3 1 #"("
0 0 14 3 8 #"ir-price"
0 0 57 3 1 #" "
0 0 22 3 1 #"("
0 0 14 3 5 #"first"
0 0 57 3 1 #" "
0 0 14 3 5 #"a-inv"
0 0 22 3 2 #"))"
0 0 57 3 1 #" "
0 0 22 3 1 #"("
0 0 14 3 3 #"sum"
0 0 57 3 1 #" "
0 0 22 3 1 #"("
0 0 14 3 4 #"rest"
0 0 57 3 1 #" "
0 0 14 3 5 #"a-inv"
0 0 22 3 6 #")))]))"
0 0 57 29 1 #"\n"
0 0 57 29 1 #"\n"
0 0 17 3 38 #";;..............................10.2.1"
0 0 57 29 1 #"\n"
0 0 57 29 1 #"\n"
0 0 22 3 1 #"("
0 0 15 3 6 #"define"
0 0 57 3 1 #" "
0 0 22 3 1 #"("
0 0 14 3 9 #"contains?"
0 0 57 3 1 #" "
0 0 14 3 5 #"a-inv"
0 0 57 3 1 #" "
0 0 14 3 8 #"a-symbol"
0 0 22 3 1 #")"
0 0 57 29 1 #"\n"
0 0 57 3 2 #"  "
0 0 22 3 1 #"("
0 0 15 3 4 #"cond"
0 0 57 29 1 #"\n"
0 0 57 3 4 #"    "
0 0 22 3 2 #"[("
0 0 14 3 6 #"empty?"
0 0 57 3 1 #" "
0 0 14 3 5 #"a-inv"
0 0 22 3 1 #")"
0 0 57 3 1 #" "
0 0 20 3 1 #"'"
0 0 14 3 12 #"IsNotPresent"
0 0 22 3 1 #"]"
0 0 57 29 1 #"\n"
0 0 57 3 4 #"    "
0 0 22 3 1 #"["
0 0 14 3 4 #"else"
0 0 57 3 1 #" "
0 0 22 3 1 #"("
0 0 15 3 4 #"cond"
0 0 57 29 1 #"\n"
0 0 57 3 12 #"            "
0 0 22 3 2 #"[("
0 0 14 3 8 #"symbol=?"
0 0 57 3 1 #" "
0 0 22 3 1 #"("
0 0 14 3 7 #"ir-name"
0 0 57 3 1 #" "
0 0 22 3 1 #"("
0 0 14 3 5 #"first"
0 0 57 3 1 #" "
0 0 14 3 5 #"a-inv"
0 0 22 3 2 #"))"
0 0 57 3 1 #" "
0 0 14 3 8 #"a-symbol"
0 0 22 3 1 #")"
0 0 57 3 1 #" "
0 0 20 3 1 #"'"
0 0 14 3 18 #"SoTheSymbolIsThere"
0 0 22 3 1 #"]"
0 0 57 29 1 #"\n"
0 0 57 3 12 #"            "
0 0 22 3 1 #"["
0 0 14 3 4 #"else"
0 0 57 3 1 #" "
0 0 22 3 1 #"("
0 0 14 3 9 #"contains?"
0 0 57 3 1 #" "
0 0 22 3 1 #"("
0 0 14 3 4 #"rest"
0 0 57 3 1 #" "
0 0 14 3 5 #"a-inv"
0 0 22 3 1 #")"
0 0 57 3 1 #" "
0 0 14 3 8 #"a-symbol"
0 0 22 3 6 #")])]))"
0 0 57 29 1 #"\n"
0 0 57 29 1 #"\n"
0 0 17 3 36 #";;............................10.3.1"
0 0 57 29 1 #"\n"
0 0 57 29 1 #"\n"
0 0 22 3 1 #"("
0 0 15 3 13 #"define-struct"
0 0 57 3 1 #" "
0 0 14 3 10 #"shape-info"
0 0 22 3 1 #"("
0 0 14 3 5 #"shape"
0 0 57 3 1 #" "
0 0 14 3 8 #"position"
0 0 57 3 1 #" "
0 0 14 3 4 #"size"
0 0 57 3 1 #" "
0 0 14 3 5 #"color"
0 0 22 3 2 #"))"
0 0 57 29 1 #"\n"
0 0 17 3 35 #";;...........................10.3.2"
0 0 57 29 1 #"\n"
0 0 22 3 1 #"("
0 0 14 3 5 #"start"
0 0 57 3 1 #" "
0 0 20 3 3 #"400"
0 0 57 3 1 #" "
0 0 20 3 3 #"600"
0 0 22 3 1 #")"
0 0 57 29 1 #"\n"
0 0 22 3 1 #"("
0 0 15 3 6 #"define"
0 0 57 3 1 #" "
0 0 22 3 1 #"("
0 0 14 3 9 #"draw-losh"
0 0 57 3 1 #" "
0 0 14 3 16 #"a-list-of-shapes"
0 0 22 3 1 #")"
0 0 57 29 1 #"\n"
0 0 57 3 2 #"  "
0 0 22 3 1 #"("
0 0 15 3 4 #"cond"
0 0 57 29 1 #"\n"
0 0 57 3 4 #"    "
0 0 22 3 2 #"[("
0 0 14 3 6 #"empty?"
0 0 57 3 1 #" "
0 0 14 3 16 #"a-list-of-shapes"
0 0 22 3 1 #")"
0 0 57 3 1 #" "
0 0 14 3 4 #"true"
0 0 22 3 1 #"]"
0 0 57 29 1 #"\n"
0 0 57 3 4 #"    "
0 0 22 3 1 #"["
0 0 14 3 4 #"else"
0 0 57 3 1 #" "
0 0 22 3 1 #"("
0 0 15 3 4 #"cond"
0 0 57 29 1 #"\n"
0 0 57 3 12 #"            "
0 0 22 3 2 #"[("
0 0 14 3 8 #"symbol=?"
0 0 57 3 1 #" "
0 0 22 3 1 #"("
0 0 14 3 16 #"shape-info-shape"
0 0 57 3 1 #" "
0 0 22 3 1 #"("
0 0 14 3 5 #"first"
0 0 57 3 1 #" "
0 0 14 3 16 #"a-list-of-shapes"
0 0 22 3 2 #"))"
0 0 57 3 1 #" "
0 0 20 3 1 #"'"
0 0 14 3 6 #"circle"
0 0 22 3 1 #")"
0 0 57 3 1 #" "
0 0 22 3 1 #"("
0 0 14 3 3 #"and"
0 0 57 3 1 #" "
0 0 22 3 1 #"("
0 0 14 3 11 #"draw-circle"
0 0 57 3 1 #" "
0 0 22 3 1 #"("
0 0 14 3 19 #"shape-info-position"
0 0 57 3 1 #" "
0 0 22 3 1 #"("
0 0 14 3 5 #"first"
0 0 57 11 1 #" "
0 0 14 3 16 #"a-list-of-shapes"
0 0 22 3 2 #"))"
0 0 57 3 1 #" "
0 0 22 3 1 #"("
0 0 14 3 15 #"shape-info-size"
0 0 57 3 1 #" "
0 0 22 3 1 #"("
0 0 14 3 5 #"first"
0 0 57 3 1 #" "
0 0 14 3 16 #"a-list-of-shapes"
0 0 22 3 2 #"))"
0 0 57 3 1 #" "
0 0 22 3 1 #"("
0 0 14 3 16 #"shape-info-color"
0 0 57 3 1 #" "
0 0 22 3 1 #"("
0 0 14 3 5 #"first"
0 0 57 3 1 #" "
0 0 14 3 16 #"a-list-of-shapes"
0 0 22 3 3 #")))"
0 0 57 3 1 #" "
0 0 22 3 1 #"("
0 0 14 3 9 #"draw-losh"
0 0 57 3 1 #" "
0 0 22 3 1 #"("
0 0 14 3 4 #"rest"
0 0 57 11 1 #" "
0 0 14 3 16 #"a-list-of-shapes"
0 0 22 3 4 #")))]"
0 0 57 29 1 #"\n"
0 0 57 3 12 #"            "
0 0 22 3 2 #"[("
0 0 14 3 8 #"symbol=?"
0 0 57 3 1 #" "
0 0 22 3 1 #"("
0 0 14 3 16 #"shape-info-shape"
0 0 57 3 1 #" "
0 0 22 3 1 #"("
0 0 14 3 5 #"first"
0 0 57 3 1 #" "
0 0 14 3 16 #"a-list-of-shapes"
0 0 22 3 2 #"))"
0 0 57 3 1 #" "
0 0 20 3 1 #"'"
0 0 14 3 9 #"rectangle"
0 0 22 3 1 #")"
0 0 57 3 1 #" "
0 0 22 3 1 #"("
0 0 14 3 3 #"and"
0 0 57 3 1 #" "
0 0 22 3 1 #"("
0 0 14 3 15 #"draw-solid-rect"
0 0 57 3 1 #" "
0 0 22 3 1 #"("
0 0 14 3 19 #"shape-info-position"
0 0 57 11 1 #" "
0 0 22 3 1 #"("
0 0 14 3 5 #"first"
0 0 57 3 1 #" "
0 0 14 3 16 #"a-list-of-shapes"
0 0 22 3 2 #"))"
0 0 57 3 1 #" "
0 0 22 3 1 #"("
0 0 14 3 6 #"posn-x"
0 0 57 3 1 #" "
0 0 22 3 1 #"("
0 0 14 3 15 #"shape-info-size"
0 0 57 3 1 #" "
0 0 22 3 1 #"("
0 0 14 3 5 #"first"
0 0 57 3 1 #" "
0 0 14 3 16 #"a-list-of-shapes"
0 0 22 3 3 #")))"
0 0 57 3 1 #" "
0 0 22 3 1 #"("
0 0 14 3 6 #"posn-y"
0 0 57 3 1 #" "
0 0 22 3 1 #"("
0 0 14 3 15 #"shape-info-size"
0 0 57 3 1 #" "
0 0 22 3 1 #"("
0 0 14 3 5 #"first"
0 0 57 11 1 #" "
0 0 14 3 16 #"a-list-of-shapes"
0 0 22 3 3 #")))"
0 0 57 3 1 #" "
0 0 22 3 1 #"("
0 0 14 3 16 #"shape-info-color"
0 0 57 3 1 #" "
0 0 22 3 1 #"("
0 0 14 3 5 #"first"
0 0 57 3 1 #" "
0 0 14 3 16 #"a-list-of-shapes"
0 0 22 3 3 #")))"
0 0 57 3 1 #" "
0 0 22 3 1 #"("
0 0 14 3 9 #"draw-losh"
0 0 57 3 1 #" "
0 0 22 3 1 #"("
0 0 14 3 4 #"rest"
0 0 57 3 1 #" "
0 0 14 3 16 #"a-list-of-shapes"
0 0 22 3 8 #")))])]))"
0 0 57 29 1 #"\n"
0 0 57 29 1 #"\n"
0 0 17 3 36 #";;............................10.3.3"
0 0 57 29 1 #"\n"
0 0 22 3 1 #"("
0 0 15 3 6 #"define"
0 0 57 3 1 #" "
0 0 22 3 1 #"("
0 0 14 3 14 #"translate-losh"
0 0 57 3 1 #" "
0 0 14 3 16 #"a-list-of-shapes"
0 0 57 3 1 #" "
0 0 14 3 5 #"delta"
0 0 22 3 1 #")"
0 0 57 29 1 #"\n"
0 0 57 3 2 #"  "
0 0 22 3 1 #"("
0 0 15 3 4 #"cond"
0 0 57 29 1 #"\n"
0 0 57 3 4 #"    "
0 0 22 3 2 #"[("
0 0 14 3 6 #"empty?"
0 0 57 3 1 #" "
0 0 14 3 16 #"a-list-of-shapes"
0 0 22 3 1 #")"
0 0 57 3 1 #" "
0 0 14 3 4 #"true"
0 0 22 3 1 #"]"
0 0 57 29 1 #"\n"
0 0 57 3 4 #"    "
0 0 22 3 1 #"["
0 0 14 3 4 #"else"
0 0 57 3 1 #" "
0 0 22 3 1 #"("
0 0 14 3 4 #"cons"
0 0 57 3 1 #" "
0 0 22 3 1 #"("
0 0 14 3 15 #"make-shape-info"
0 0 57 3 1 #" "
0 0 22 3 1 #"("
0 0 14 3 5 #"first"
0 0 57 3 1 #" "
0 0 14 3 16 #"a-list-of-shapes"
0 0 22 3 1 #")"
0 0 57 3 1 #" "
0 0 22 3 1 #"("
0 0 14 3 9 #"make-posn"
0 0 57 3 1 #" "
0 0 22 3 1 #"("
0 0 14 3 1 #"+"
0 0 57 3 1 #" "
0 0 14 3 5 #"delta"
0 0 57 3 1 #" "
0 0 22 3 1 #"("
0 0 14 3 6 #"posn-x"
0 0 57 3 1 #" "
0 0 22 3 1 #"("
0 0 14 3 19 #"shape-info-position"
0 0 57 3 1 #" "
0 0 22 3 1 #"("
0 0 14 3 5 #"first"
0 0 57 11 1 #" "
0 0 14 3 16 #"a-list-of-shapes"
0 0 22 3 4 #"))))"
0 0 57 3 1 #" "
0 0 22 3 1 #"("
0 0 14 3 6 #"posn-y"
0 0 57 3 1 #" "
0 0 22 3 1 #"("
0 0 14 3 19 #"shape-info-position"
0 0 57 3 1 #" "
0 0 22 3 1 #"("
0 0 14 3 5 #"first"
0 0 57 3 1 #" "
0 0 14 3 16 #"a-list-of-shapes"
0 0 22 3 4 #"))))"
0 0 57 3 1 #" "
0 0 22 3 1 #"("
0 0 14 3 15 #"shape-info-size"
0 0 57 3 1 #" "
0 0 22 3 1 #"("
0 0 14 3 5 #"first"
0 0 57 3 1 #" "
0 0 14 3 16 #"a-list-of-shapes"
0 0 22 3 2 #"))"
0 0 57 11 1 #" "
0 0 22 3 1 #"("
0 0 14 3 16 #"shape-info-color"
0 0 57 3 1 #" "
0 0 22 3 1 #"("
0 0 14 3 5 #"first"
0 0 57 3 1 #" "
0 0 14 3 16 #"a-list-of-shapes"
0 0 22 3 3 #")))"
0 0 57 3 1 #" "
0 0 22 3 1 #"("
0 0 14 3 14 #"translate-losh"
0 0 57 3 1 #" "
0 0 22 3 1 #"("
0 0 14 3 4 #"rest"
0 0 57 3 1 #" "
0 0 14 3 16 #"a-list-of-shapes"
0 0 22 3 1 #")"
0 0 57 3 1 #" "
0 0 14 3 5 #"delta"
0 0 22 3 5 #"))]))"
0           0
