#reader(lib"read.ss""wxme")WXME0108 ## 
#|
   This file uses the GRacket editor format.
   Open this file in DrRacket version 5.1 or later to read it.

   Most likely, it was created by saving a program in DrRacket,
   and it probably contains a program with non-text elements
   (such as images or comment boxes).

            http://racket-lang.org/
|#
 28 7 #"wxtext\0"
3 1 6 #"wxtab\0"
1 1 8 #"wximage\0"
2 0 8 #"wxmedia\0"
4 1 34 #"(lib \"syntax-browser.ss\" \"mrlib\")\0"
1 0 16 #"drscheme:number\0"
3 0 44 #"(lib \"number-snip.ss\" \"drscheme\" \"private\")\0"
1 0 36 #"(lib \"comment-snip.ss\" \"framework\")\0"
1 0 43 #"(lib \"collapsed-snipclass.ss\" \"framework\")\0"
0 0 19 #"drscheme:sexp-snip\0"
0 0 36 #"(lib \"cache-image-snip.ss\" \"mrlib\")\0"
1 0 68
(
 #"((lib \"image-core.ss\" \"mrlib\") (lib \"image-core-wxme.rkt\" \"mr"
 #"lib\"))\0"
) 1 0 33 #"(lib \"bullet-snip.ss\" \"browser\")\0"
0 0 29 #"drscheme:bindings-snipclass%\0"
1 0 25 #"(lib \"matrix.ss\" \"htdp\")\0"
1 0 22 #"drscheme:lambda-snip%\0"
1 0 57
#"(lib \"hrule-snip.rkt\" \"macro-debugger\" \"syntax-browser\")\0"
1 0 45 #"(lib \"image-snipr.ss\" \"slideshow\" \"private\")\0"
1 0 26 #"drscheme:pict-value-snip%\0"
0 0 38 #"(lib \"pict-snipclass.ss\" \"slideshow\")\0"
2 0 55 #"(lib \"vertical-separator-snip.ss\" \"stepper\" \"private\")\0"
1 0 18 #"drscheme:xml-snip\0"
1 0 31 #"(lib \"xml-snipclass.ss\" \"xml\")\0"
1 0 21 #"drscheme:scheme-snip\0"
2 0 34 #"(lib \"scheme-snipclass.ss\" \"xml\")\0"
1 0 10 #"text-box%\0"
1 0 32 #"(lib \"text-snipclass.ss\" \"xml\")\0"
1 0 15 #"test-case-box%\0"
2 0 1 6 #"wxloc\0"
          0 0 70 0 1 #"\0"
0 75 1 #"\0"
0 12 90 -1 90 -1 3 -1 0 1 0 1 0 0 0 0 0 0 0 0 0 0 0 255 255 255 1 -1 0 9
#"Standard\0"
0 75 10 #"Monospace\0"
0 12 90 -1 90 -1 3 -1 0 1 0 1 0 0 0 0 0 0 0 0 0 0 0 255 255 255 1 -1 2 1
#"\0"
0 -1 1 #"\0"
1 0 -1 -1 -1 -1 -1 -1 0 0 0 0 0 0 1 1 1 1 1 1 0 0 0 0 0 0 -1 -1 2 24
#"framework:default-color\0"
0 -1 1 #"\0"
1 0 -1 -1 -1 -1 -1 -1 0 0 0 0 0 0 0 0 0 1 1 1 0 0 0 0 0 0 -1 -1 2 1
#"\0"
0 -1 1 #"\0"
1 0 -1 -1 -1 -1 -1 -1 0 0 0 0 0 0 0 0 0 1 1 1 150 0 150 0 0 0 -1 -1 2 15
#"text:ports out\0"
0 -1 1 #"\0"
1 0 -1 -1 -1 -1 -1 -1 0 0 0 0 0 0 0 0 0 1 1 1 150 0 150 0 0 0 -1 -1 2 1
#"\0"
0 -1 1 #"\0"
1.0 0 -1 -1 93 -1 -1 -1 0 0 0 0 0 0 0 0 0 1.0 1.0 1.0 255 0 0 0 0 0 -1
-1 2 15 #"text:ports err\0"
0 -1 1 #"\0"
1.0 0 -1 -1 93 -1 -1 -1 0 0 0 0 0 0 0 0 0 1.0 1.0 1.0 255 0 0 0 0 0 -1
-1 2 1 #"\0"
0 -1 1 #"\0"
1 0 -1 -1 -1 -1 -1 -1 0 0 0 0 0 0 0 0 0 1 1 1 0 0 175 0 0 0 -1 -1 2 17
#"text:ports value\0"
0 -1 1 #"\0"
1 0 -1 -1 -1 -1 -1 -1 0 0 0 0 0 0 0 0 0 1 1 1 0 0 175 0 0 0 -1 -1 2 1
#"\0"
0 -1 1 #"\0"
1.0 0 92 -1 -1 -1 -1 -1 0 0 0 0 0 0 0 0 0 1.0 1.0 1.0 34 139 34 0 0 0 -1
-1 2 27 #"Matching Parenthesis Style\0"
0 -1 1 #"\0"
1.0 0 92 -1 -1 -1 -1 -1 0 0 0 0 0 0 0 0 0 1.0 1.0 1.0 34 139 34 0 0 0 -1
-1 2 1 #"\0"
0 -1 1 #"\0"
1 0 -1 -1 -1 -1 -1 -1 0 0 0 0 0 0 0 0 0 1 1 1 38 38 128 0 0 0 -1 -1 2 37
#"framework:syntax-color:scheme:symbol\0"
0 -1 1 #"\0"
1 0 -1 -1 -1 -1 -1 -1 0 0 0 0 0 0 0 0 0 1 1 1 38 38 128 0 0 0 -1 -1 2 38
#"framework:syntax-color:scheme:keyword\0"
0 -1 1 #"\0"
1 0 -1 -1 -1 -1 -1 -1 0 0 0 0 0 0 0 0 0 1 1 1 38 38 128 0 0 0 -1 -1 2 1
#"\0"
0 -1 1 #"\0"
1 0 -1 -1 -1 -1 -1 -1 0 0 0 0 0 0 0 0 0 1 1 1 194 116 31 0 0 0 -1 -1 2
38 #"framework:syntax-color:scheme:comment\0"
0 -1 1 #"\0"
1 0 -1 -1 -1 -1 -1 -1 0 0 0 0 0 0 0 0 0 1 1 1 194 116 31 0 0 0 -1 -1 2 1
#"\0"
0 -1 1 #"\0"
1 0 -1 -1 -1 -1 -1 -1 0 0 0 0 0 0 0 0 0 1 1 1 41 128 38 0 0 0 -1 -1 2 37
#"framework:syntax-color:scheme:string\0"
0 -1 1 #"\0"
1 0 -1 -1 -1 -1 -1 -1 0 0 0 0 0 0 0 0 0 1 1 1 41 128 38 0 0 0 -1 -1 2 39
#"framework:syntax-color:scheme:constant\0"
0 -1 1 #"\0"
1 0 -1 -1 -1 -1 -1 -1 0 0 0 0 0 0 0 0 0 1 1 1 41 128 38 0 0 0 -1 -1 2 1
#"\0"
0 -1 1 #"\0"
1 0 -1 -1 -1 -1 -1 -1 0 0 0 0 0 0 0 0 0 1 1 1 132 60 36 0 0 0 -1 -1 2 42
#"framework:syntax-color:scheme:parenthesis\0"
0 -1 1 #"\0"
1 0 -1 -1 -1 -1 -1 -1 0 0 0 0 0 0 0 0 0 1 1 1 132 60 36 0 0 0 -1 -1 2 1
#"\0"
0 -1 1 #"\0"
1 0 -1 -1 -1 -1 -1 -1 0 0 0 0 0 0 0 0 0 1 1 1 255 0 0 0 0 0 -1 -1 2 36
#"framework:syntax-color:scheme:error\0"
0 -1 1 #"\0"
1 0 -1 -1 -1 -1 -1 -1 0 0 0 0 0 0 0 0 0 1 1 1 255 0 0 0 0 0 -1 -1 2 1
#"\0"
0 -1 1 #"\0"
1 0 -1 -1 -1 -1 -1 -1 0 0 0 0 0 0 0 0 0 1 1 1 0 0 0 0 0 0 -1 -1 2 36
#"framework:syntax-color:scheme:other\0"
0 -1 1 #"\0"
1 0 -1 -1 -1 -1 -1 -1 0 0 0 0 0 0 0 0 0 1 1 1 0 0 0 0 0 0 -1 -1 2 1
#"\0"
0 -1 1 #"\0"
1 0 -1 -1 -1 -1 -1 -1 0 0 0 0 0 0 0 0 0 1 1 1 81 112 203 0 0 0 -1 -1 2
38 #"drracket:check-syntax:lexically-bound\0"
0 -1 1 #"\0"
1 0 -1 -1 -1 -1 -1 -1 0 0 0 0 0 0 0 0 0 1 1 1 81 112 203 0 0 0 -1 -1 2 1
#"\0"
0 -1 1 #"\0"
1 0 -1 -1 -1 -1 -1 -1 0 0 0 0 0 0 0 0 0 1 1 1 178 34 34 0 0 0 -1 -1 2 28
#"drracket:check-syntax:set!d\0"
0 -1 1 #"\0"
1 0 -1 -1 -1 -1 -1 -1 0 0 0 0 0 0 0 0 0 1 1 1 178 34 34 0 0 0 -1 -1 2 1
#"\0"
0 -1 1 #"\0"
1 0 -1 -1 -1 -1 -1 -1 0 0 0 0 0 0 0 0 0 1 1 1 68 0 203 0 0 0 -1 -1 2 31
#"drracket:check-syntax:imported\0"
0 -1 1 #"\0"
1 0 -1 -1 -1 -1 -1 -1 0 0 0 0 0 0 0 0 0 1 1 1 68 0 203 0 0 0 -1 -1 2 47
#"drracket:check-syntax:my-obligation-style-pref\0"
0 -1 1 #"\0"
1 0 -1 -1 -1 -1 -1 -1 0 0 0 0 0 0 0 0 0 1 1 1 178 34 34 0 0 0 -1 -1 2 1
#"\0"
0 -1 1 #"\0"
1 0 -1 -1 -1 -1 -1 -1 0 0 0 0 0 0 0 0 0 1 1 1 0 116 0 0 0 0 -1 -1 2 50
#"drracket:check-syntax:their-obligation-style-pref\0"
0 -1 1 #"\0"
1 0 -1 -1 -1 -1 -1 -1 0 0 0 0 0 0 0 0 0 1 1 1 0 116 0 0 0 0 -1 -1 2 48
#"drracket:check-syntax:unk-obligation-style-pref\0"
0 -1 1 #"\0"
1 0 -1 -1 -1 -1 -1 -1 0 0 0 0 0 0 0 0 0 1 1 1 0 0 0 0 0 0 -1 -1 2 1
#"\0"
0 -1 1 #"\0"
1 0 -1 -1 -1 -1 -1 -1 0 0 0 0 0 0 0 0 0 1 1 1 139 142 28 0 0 0 -1 -1 2
49 #"drracket:check-syntax:both-obligation-style-pref\0"
0 -1 1 #"\0"
1 0 -1 -1 -1 -1 -1 -1 0 0 0 0 0 0 0 0 0 1 1 1 139 142 28 0 0 0 -1 -1 4 1
#"\0"
0 70 1 #"\0"
1.0 0 -1 -1 -1 -1 -1 -1 0 0 0 0 0 0 1.0 1.0 1.0 1.0 1.0 1.0 0 0 0 0 0 0
-1 -1 4 4 #"XML\0"
0 70 1 #"\0"
1.0 0 -1 -1 -1 -1 -1 -1 0 0 0 0 0 0 1.0 1.0 1.0 1.0 1.0 1.0 0 0 0 0 0 0
-1 -1 4 1 #"\0"
0 71 1 #"\0"
1.0 0 -1 -1 -1 -1 -1 -1 0 0 0 0 0 0 1.0 1.0 1.0 1.0 1.0 1.0 0 0 0 0 0 0
-1 -1 4 1 #"\0"
0 -1 1 #"\0"
1.0 0 -1 -1 -1 -1 -1 -1 1 0 0 0 0 0 0 0 0 1.0 1.0 1.0 0 0 255 0 0 0 -1
-1 4 1 #"\0"
0 71 1 #"\0"
1.0 0 -1 -1 -1 -1 -1 -1 1 0 0 0 0 0 0 0 0 1.0 1.0 1.0 0 0 255 0 0 0 -1
-1 4 1 #"\0"
0 71 1 #"\0"
1.0 0 -1 -1 -1 -1 -1 -1 0 0 0 0 0 0 0 0 0 1.0 1.0 1.0 0 100 0 0 0 0 -1
-1 2 1 #"\0"
0 71 1 #"\0"
1.0 0 -1 -1 -1 -1 -1 -1 0 0 0 0 0 0 1.0 1.0 1.0 1.0 1.0 1.0 0 0 0 0 0 0
-1 -1 2 1 #"\0"
0 71 1 #"\0"
1.0 0 -1 -1 -1 -1 -1 -1 0 0 0 0 0 0 0 0 0 1.0 1.0 1.0 0 100 0 0 0 0 -1
-1 0 1 #"\0"
0 75 10 #"Monospace\0"
0.0 12 90 -1 90 -1 3 -1 0 1 0 1 0 0 0.0 0.0 0.0 0.0 0.0 0.0 0 0 0 255
255 255 1 -1 22 1 #"\0"
0 -1 1 #"\0"
1.0 0 -1 -1 -1 -1 -1 -1 0 0 0 0 1 0 0.0 0.0 0.0 1.0 1.0 1.0 0 0 0 0 0 0
-1 -1 15 1 #"\0"
0 -1 1 #"\0"
1.0 0 -1 -1 -1 -1 -1 -1 0 0 0 0 1 0 0.0 0.0 0.0 1.0 1.0 1.0 0 0 0 0 0 0
-1 -1 4 1 #"\0"
0 -1 1 #"\0"
1.0 0 -1 -1 -1 -1 -1 -1 0 0 0 0 1 0 0.0 0.0 0.0 1.0 1.0 1.0 0 0 0 0 0 0
-1 -1 14 1 #"\0"
0 -1 1 #"\0"
1.0 0 -1 -1 -1 -1 -1 -1 0 0 0 0 1 0 0.0 0.0 0.0 1.0 1.0 1.0 0 0 0 0 0 0
-1 -1 22 1 #"\0"
0 -1 1 #"\0"
1.0 0 -1 -1 -1 -1 -1 -1 0 0 0 0 0 1 0.0 0.0 0.0 0.0 0.0 0.0 255 165 0 0
0 0 -1 -1 15 1 #"\0"
0 -1 1 #"\0"
1.0 0 -1 -1 -1 -1 -1 -1 0 0 0 0 0 1 0.0 0.0 0.0 0.0 0.0 0.0 255 165 0 0
0 0 -1 -1 4 1 #"\0"
0 -1 1 #"\0"
1.0 0 -1 -1 -1 -1 -1 -1 0 0 0 0 0 1 0.0 0.0 0.0 0.0 0.0 0.0 255 165 0 0
0 0 -1 -1 14 1 #"\0"
0 -1 1 #"\0"
1.0 0 -1 -1 -1 -1 -1 -1 0 0 0 0 0 1 0.0 0.0 0.0 0.0 0.0 0.0 255 165 0 0
0 0 -1 -1 22 1 #"\0"
0 -1 1 #"\0"
1.0 0 -1 -1 -1 -1 -1 -1 0 0 0 0 1 0 0.0 0.0 0.0 0.0 0.0 0.0 0 0 0 255
255 255 -1 -1 15 1 #"\0"
0 -1 1 #"\0"
1.0 0 -1 -1 -1 -1 -1 -1 0 0 0 0 1 0 0.0 0.0 0.0 0.0 0.0 0.0 0 0 0 255
255 255 -1 -1 4 1 #"\0"
0 -1 1 #"\0"
1.0 0 -1 -1 -1 -1 -1 -1 0 0 0 0 1 0 0.0 0.0 0.0 0.0 0.0 0.0 0 0 0 255
255 255 -1 -1 14 1 #"\0"
0 -1 1 #"\0"
1.0 0 -1 -1 -1 -1 -1 -1 0 0 0 0 1 0 0.0 0.0 0.0 0.0 0.0 0.0 0 0 0 255
255 255 -1 -1 20 1 #"\0"
0 -1 1 #"\0"
1.0 0 -1 -1 -1 -1 -1 -1 0 0 0 0 1 0 0.0 0.0 0.0 1.0 1.0 1.0 0 0 0 0 0 0
-1 -1 20 1 #"\0"
0 -1 1 #"\0"
1.0 0 -1 -1 -1 -1 -1 -1 0 0 0 0 1 0 0.0 0.0 0.0 0.0 0.0 0.0 0 0 0 255
255 255 -1 -1 20 1 #"\0"
0 -1 1 #"\0"
1.0 0 -1 -1 -1 -1 -1 -1 0 0 0 0 0 1 0.0 0.0 0.0 0.0 0.0 0.0 255 165 0 0
0 0 -1 -1 17 1 #"\0"
0 -1 1 #"\0"
1.0 0 -1 -1 -1 -1 -1 -1 0 0 0 0 1 0 0.0 0.0 0.0 0.0 0.0 0.0 0 0 0 255
255 255 -1 -1 19 1 #"\0"
0 -1 1 #"\0"
1.0 0 -1 -1 -1 -1 -1 -1 0 0 0 0 1 0 0.0 0.0 0.0 1.0 1.0 1.0 0 0 0 0 0 0
-1 -1 19 1 #"\0"
0 -1 1 #"\0"
1.0 0 -1 -1 -1 -1 -1 -1 0 0 0 0 1 0 0.0 0.0 0.0 0.0 0.0 0.0 0 0 0 255
255 255 -1 -1 24 1 #"\0"
0 -1 1 #"\0"
1.0 0 -1 -1 -1 -1 -1 -1 0 0 0 0 1 0 0.0 0.0 0.0 0.0 0.0 0.0 0 0 0 255
255 255 -1 -1 19 1 #"\0"
0 -1 1 #"\0"
1.0 0 -1 -1 -1 -1 -1 -1 0 0 0 0 0 1 0.0 0.0 0.0 0.0 0.0 0.0 255 165 0 0
0 0 -1 -1 24 1 #"\0"
0 -1 1 #"\0"
1.0 0 -1 -1 -1 -1 -1 -1 0 0 0 0 1 0 0.0 0.0 0.0 1.0 1.0 1.0 0 0 0 0 0 0
-1 -1 24 1 #"\0"
0 -1 1 #"\0"
1.0 0 -1 -1 -1 -1 -1 -1 0 0 0 0 0 1 0.0 0.0 0.0 0.0 0.0 0.0 255 165 0 0
0 0 -1 -1           0 1033 0 4 3 85
(
 #";; The first three lines of this file were inserted by DrRacket. The"
 #"y record metadata"
) 0 0 4 29 1 #"\n"
0 0 4 3 85
(
 #";; about the language level of this file in a form that our tools ca"
 #"n easily process."
) 0 0 4 29 1 #"\n"
0 0 4 3 464
(
 #"#reader(lib \"htdp-advanced-reader.ss\" \"lang\")((modname 22_07_04_"
 #"2011) (read-case-sensitive #t) (teachpacks ((lib \"draw.ss\" \"teach"
 #"pack\" \"htdp\") (lib \"hangman.ss\" \"teachpack\" \"htdp\") (lib \""
 #"guess.ss\" \"teachpack\" \"htdp\") (lib \"gui.ss\" \"teachpack\" \"h"
 #"tdp\"))) (htdp-settings #(#t constructor repeating-decimal #t #t non"
 #"e #f ((lib \"draw.ss\" \"teachpac"
 #"k\" \"htdp\") (lib \"hangman.ss\" \"teachpack\" \"htdp\") (lib \"gue"
 #"ss.ss\" \"teachpack\" \"htdp\") (lib \"gui.ss\" \"teachpack\" \"htdp"
 #"\")))))"
) 0 0 4 29 1 #"\n"
0 0 22 3 1 #"("
0 0 15 3 6 #"define"
0 0 58 3 1 #" "
0 0 22 3 1 #"("
0 0 14 3 3 #"add"
0 0 58 3 1 #" "
0 0 14 3 1 #"x"
0 0 22 3 1 #")"
0 0 58 29 1 #"\n"
0 0 58 3 2 #"  "
0 0 22 3 1 #"("
0 0 15 3 5 #"local"
0 0 58 3 1 #" "
0 0 22 3 2 #"(("
0 0 15 3 6 #"define"
0 0 58 3 1 #" "
0 0 22 3 1 #"("
0 0 14 3 7 #"x-adder"
0 0 58 3 1 #" "
0 0 14 3 1 #"y"
0 0 22 3 1 #")"
0 0 58 3 1 #" "
0 0 22 3 1 #"("
0 0 14 3 1 #"+"
0 0 58 3 1 #" "
0 0 14 3 1 #"x"
0 0 58 3 1 #" "
0 0 14 3 1 #"y"
0 0 22 3 3 #")))"
0 0 58 29 1 #"\n"
0 0 58 3 4 #"    "
0 0 14 3 7 #"x-adder"
0 0 22 3 2 #"))"
0 0 58 29 1 #"\n"
0 0 22 3 1 #"("
0 0 15 3 6 #"define"
0 0 58 3 1 #" "
0 0 14 3 1 #"f"
0 0 58 3 1 #" "
0 0 22 3 1 #"("
0 0 14 3 3 #"add"
0 0 58 3 1 #" "
0 0 20 3 1 #"5"
0 0 22 3 2 #"))"
0 0 58 29 1 #"\n"
0 0 17 3 55 #";;.............................20.2.1.................."
0 0 58 29 1 #"\n"
0 0 22 3 1 #"("
0 0 15 3 6 #"define"
0 0 58 3 1 #" "
0 0 22 3 1 #"("
0 0 14 3 4 #"func"
0 0 58 3 1 #" "
0 0 14 3 4 #"C->F"
0 0 22 3 1 #")"
0 0 58 29 1 #"\n"
0 0 58 3 2 #"  "
0 0 22 3 1 #"("
0 0 15 3 5 #"local"
0 0 58 3 1 #" "
0 0 58 29 1 #"\n"
0 0 58 3 1 #" "
0 0 22 3 2 #"(("
0 0 15 3 6 #"define"
0 0 58 3 1 #" "
0 0 22 3 1 #"("
0 0 14 3 9 #"convertCF"
0 0 58 3 1 #" "
0 0 14 3 4 #"alon"
0 0 22 3 1 #")"
0 0 58 29 1 #"\n"
0 0 58 3 2 #"  "
0 0 22 3 1 #"("
0 0 15 3 4 #"cond"
0 0 58 29 1 #"\n"
0 0 58 3 4 #"    "
0 0 22 3 2 #"[("
0 0 14 3 6 #"empty?"
0 0 58 3 1 #" "
0 0 14 3 4 #"alon"
0 0 22 3 1 #")"
0 0 58 3 1 #" "
0 0 14 3 5 #"empty"
0 0 22 3 1 #"]"
0 0 58 29 1 #"\n"
0 0 58 3 4 #"    "
0 0 22 3 1 #"["
0 0 14 3 4 #"else"
0 0 58 29 1 #"\n"
0 0 58 3 6 #"      "
0 0 22 3 1 #"("
0 0 14 3 4 #"cons"
0 0 58 3 1 #" "
0 0 22 3 1 #"("
0 0 14 3 4 #"C->F"
0 0 58 3 1 #" "
0 0 22 3 1 #"("
0 0 14 3 5 #"first"
0 0 58 3 1 #" "
0 0 14 3 4 #"alon"
0 0 22 3 2 #"))"
0 0 58 29 1 #"\n"
0 1 58 65 1 #"\t"
0 0 22 3 1 #"("
0 0 14 3 9 #"convertCF"
0 0 58 3 1 #" "
0 0 22 3 1 #"("
0 0 14 3 4 #"rest"
0 0 58 3 1 #" "
0 0 14 3 4 #"alon"
0 0 22 3 7 #")))])))"
0 0 58 29 1 #"\n"
0 0 58 3 4 #"    "
0 0 14 3 9 #"convertCF"
0 0 22 3 2 #"))"
0 0 58 29 1 #"\n"
0 0 58 29 1 #"\n"
0 0 22 3 1 #"("
0 0 15 3 6 #"define"
0 0 58 3 1 #" "
0 0 22 3 1 #"("
0 0 14 3 7 #"cel-fer"
0 0 58 3 1 #" "
0 0 14 3 7 #"a-value"
0 0 22 3 1 #")"
0 0 58 29 1 #"\n"
0 0 58 3 2 #"  "
0 0 22 3 1 #"("
0 0 14 3 1 #"*"
0 0 58 3 1 #" "
0 0 22 3 1 #"("
0 0 14 3 1 #"+"
0 0 58 3 1 #" "
0 0 14 3 7 #"a-value"
0 0 58 3 1 #" "
0 0 20 3 2 #"32"
0 0 22 3 1 #")"
0 0 58 3 1 #" "
0 0 22 3 1 #"("
0 0 14 3 1 #"/"
0 0 58 3 1 #" "
0 0 20 3 1 #"9"
0 0 58 3 1 #" "
0 0 20 3 1 #"5"
0 0 22 3 3 #")))"
0 0 58 29 1 #"\n"
0 0 58 29 1 #"\n"
0 0 22 3 1 #"("
0 0 15 3 6 #"define"
0 0 58 3 1 #" "
0 0 14 3 2 #"f1"
0 0 58 3 1 #" "
0 0 22 3 1 #"("
0 0 14 3 4 #"func"
0 0 58 3 1 #" "
0 0 14 3 7 #"cel-fer"
0 0 22 3 2 #"))"
0 0 58 29 1 #"\n"
0 0 58 29 1 #"\n"
0 0 17 3 60
#";;........................20.2.2............................"
0 0 58 29 1 #"\n"
0 0 58 29 1 #"\n"
0 0 58 29 1 #"\n"
0 0 58 29 1 #"\n"
0 0 22 3 1 #"("
0 0 15 3 6 #"define"
0 0 58 3 1 #" "
0 0 22 3 1 #"("
0 0 14 3 7 #"my-sort"
0 0 58 3 1 #" "
0 0 14 3 6 #"rel-op"
0 0 22 3 1 #")"
0 0 58 29 1 #"\n"
0 0 58 3 2 #"  "
0 0 22 3 1 #"("
0 0 15 3 5 #"local"
0 0 58 3 1 #" "
0 0 58 29 1 #"\n"
0 0 58 3 4 #"    "
0 0 22 3 2 #"(("
0 0 15 3 6 #"define"
0 0 58 3 1 #" "
0 0 22 3 1 #"("
0 0 14 3 9 #"temp-sort"
0 0 58 3 1 #" "
0 0 14 3 4 #"alon"
0 0 22 3 1 #")"
0 0 58 29 1 #"\n"
0 0 58 3 2 #"  "
0 0 22 3 1 #"("
0 0 15 3 5 #"local"
0 0 58 3 1 #" "
0 0 22 3 2 #"(("
0 0 15 3 6 #"define"
0 0 58 3 1 #" "
0 0 22 3 1 #"("
0 0 14 3 9 #"temp-sort"
0 0 58 3 1 #" "
0 0 14 3 4 #"alon"
0 0 22 3 1 #")"
0 0 58 29 1 #"\n"
0 1 58 65 1 #"\t"
0 0 58 3 4 #"    "
0 0 22 3 1 #"("
0 0 15 3 4 #"cond"
0 0 58 29 1 #"\n"
0 1 58 65 1 #"\t"
0 0 58 3 6 #"      "
0 0 22 3 2 #"[("
0 0 14 3 6 #"empty?"
0 0 58 3 1 #" "
0 0 14 3 4 #"alon"
0 0 22 3 1 #")"
0 0 58 3 1 #" "
0 0 14 3 5 #"empty"
0 0 22 3 1 #"]"
0 0 58 29 1 #"\n"
0 1 58 65 1 #"\t"
0 0 58 3 6 #"      "
0 0 22 3 1 #"["
0 0 14 3 4 #"else"
0 0 58 3 1 #" "
0 0 22 3 1 #"("
0 0 14 3 6 #"insert"
0 0 58 3 1 #" "
0 0 22 3 1 #"("
0 0 14 3 5 #"first"
0 0 58 3 1 #" "
0 0 14 3 4 #"alon"
0 0 22 3 1 #")"
0 0 58 3 1 #" "
0 0 22 3 1 #"("
0 0 14 3 9 #"temp-sort"
0 0 58 3 1 #" "
0 0 22 3 1 #"("
0 0 14 3 4 #"rest"
0 0 58 3 1 #" "
0 0 14 3 4 #"alon"
0 0 22 3 6 #")))]))"
0 0 58 29 1 #"\n"
0 1 58 65 1 #"\t"
0 0 58 3 2 #"  "
0 0 22 3 1 #"("
0 0 15 3 6 #"define"
0 0 58 3 1 #" "
0 0 22 3 1 #"("
0 0 14 3 6 #"insert"
0 0 58 3 1 #" "
0 0 14 3 2 #"an"
0 0 58 3 1 #" "
0 0 14 3 4 #"alon"
0 0 22 3 1 #")"
0 0 58 29 1 #"\n"
0 1 58 65 1 #"\t"
0 0 58 3 4 #"    "
0 0 22 3 1 #"("
0 0 15 3 4 #"cond"
0 0 58 29 1 #"\n"
0 1 58 65 1 #"\t"
0 0 58 3 6 #"      "
0 0 22 3 2 #"[("
0 0 14 3 6 #"empty?"
0 0 58 3 1 #" "
0 0 14 3 4 #"alon"
0 0 22 3 1 #")"
0 0 58 3 1 #" "
0 0 22 3 1 #"("
0 0 14 3 4 #"list"
0 0 58 3 1 #" "
0 0 14 3 2 #"an"
0 0 22 3 2 #")]"
0 0 58 29 1 #"\n"
0 1 58 65 1 #"\t"
0 0 58 3 6 #"      "
0 0 22 3 1 #"["
0 0 14 3 4 #"else"
0 0 58 3 1 #" "
0 0 22 3 1 #"("
0 0 15 3 4 #"cond"
0 0 58 29 1 #"\n"
0 1 58 65 1 #"\t"
0 1 58 65 1 #"\t"
0 0 58 3 6 #"      "
0 0 22 3 2 #"[("
0 0 14 3 6 #"rel-op"
0 0 58 3 1 #" "
0 0 14 3 2 #"an"
0 0 58 3 1 #" "
0 0 22 3 1 #"("
0 0 14 3 5 #"first"
0 0 58 3 1 #" "
0 0 14 3 4 #"alon"
0 0 22 3 2 #"))"
0 0 58 3 1 #" "
0 0 22 3 1 #"("
0 0 14 3 4 #"cons"
0 0 58 3 1 #" "
0 0 14 3 2 #"an"
0 0 58 3 1 #" "
0 0 14 3 4 #"alon"
0 0 22 3 2 #")]"
0 0 58 29 1 #"\n"
0 1 58 65 1 #"\t"
0 1 58 65 1 #"\t"
0 0 58 3 6 #"      "
0 0 22 3 1 #"["
0 0 14 3 4 #"else"
0 0 58 3 1 #" "
0 0 22 3 1 #"("
0 0 14 3 4 #"cons"
0 0 58 3 1 #" "
0 0 22 3 1 #"("
0 0 14 3 5 #"first"
0 0 58 3 1 #" "
0 0 14 3 4 #"alon"
0 0 22 3 1 #")"
0 0 58 3 1 #" "
0 0 22 3 1 #"("
0 0 14 3 6 #"insert"
0 0 58 3 1 #" "
0 0 14 3 2 #"an"
0 0 58 3 1 #" "
0 0 22 3 1 #"("
0 0 14 3 4 #"rest"
0 0 58 3 1 #" "
0 0 14 3 4 #"alon"
0 0 22 3 9 #")))])])))"
0 0 58 29 1 #"\n"
0 0 58 3 4 #"    "
0 0 22 3 1 #"("
0 0 14 3 9 #"temp-sort"
0 0 58 3 1 #" "
0 0 14 3 4 #"alon"
0 0 22 3 4 #"))))"
0 0 58 29 1 #"\n"
0 0 58 3 4 #"    "
0 0 14 3 9 #"temp-sort"
0 0 22 3 2 #"))"
0 0 58 29 1 #"\n"
0 0 58 29 1 #"\n"
0 0 22 3 1 #"("
0 0 15 3 6 #"define"
0 0 58 3 1 #" "
0 0 14 3 2 #"f2"
0 0 58 3 1 #" "
0 0 22 3 1 #"("
0 0 14 3 7 #"my-sort"
0 0 58 3 1 #" "
0 0 14 3 1 #"<"
0 0 22 3 2 #"))"
0 0 58 29 1 #"\n"
0 0 58 29 1 #"\n"
0 0 17 3 64
#";;................................20.2.3........................"
0 0 58 29 1 #"\n"
0 0 58 29 1 #"\n"
0 0 22 3 1 #"("
0 0 15 3 6 #"define"
0 0 58 3 1 #" "
0 0 22 3 1 #"("
0 0 14 3 7 #"my-fold"
0 0 58 3 1 #" "
0 0 14 3 6 #"rel-op"
0 0 58 3 1 #" "
0 0 14 3 4 #"base"
0 0 22 3 1 #")"
0 0 58 29 1 #"\n"
0 0 58 3 2 #"  "
0 0 22 3 1 #"("
0 0 15 3 5 #"local"
0 0 58 3 1 #" "
0 0 58 29 1 #"\n"
0 0 58 3 4 #"    "
0 0 22 3 2 #"(("
0 0 15 3 6 #"define"
0 0 58 3 1 #" "
0 0 22 3 1 #"("
0 0 14 3 4 #"fold"
0 0 58 3 1 #" "
0 0 14 3 4 #"alon"
0 0 22 3 1 #")"
0 0 58 29 1 #"\n"
0 0 58 3 2 #"  "
0 0 22 3 1 #"("
0 0 15 3 4 #"cond"
0 0 58 29 1 #"\n"
0 0 58 3 4 #"    "
0 0 22 3 2 #"[("
0 0 14 3 6 #"empty?"
0 0 58 3 1 #" "
0 0 14 3 4 #"alon"
0 0 22 3 1 #")"
0 0 58 3 1 #" "
0 0 14 3 4 #"base"
0 0 22 3 1 #"]"
0 0 58 29 1 #"\n"
0 0 58 3 4 #"    "
0 0 22 3 1 #"["
0 0 14 3 4 #"else"
0 0 58 3 1 #" "
0 0 22 3 1 #"("
0 0 14 3 6 #"rel-op"
0 0 58 3 1 #" "
0 0 22 3 1 #"("
0 0 14 3 5 #"first"
0 0 58 3 1 #" "
0 0 14 3 4 #"alon"
0 0 22 3 1 #")"
0 0 58 29 1 #"\n"
0 1 58 65 1 #"\t"
0 0 58 3 5 #"     "
0 0 22 3 1 #"("
0 0 14 3 4 #"fold"
0 0 58 3 1 #" "
0 0 22 3 1 #"("
0 0 14 3 4 #"rest"
0 0 58 3 1 #" "
0 0 14 3 4 #"alon"
0 0 22 3 7 #")))])))"
0 0 58 29 1 #"\n"
0 0 58 3 4 #"    "
0 0 14 3 4 #"fold"
0 0 22 3 2 #"))"
0 0 58 29 1 #"\n"
0 0 58 29 1 #"\n"
0 0 22 3 1 #"("
0 0 15 3 6 #"define"
0 0 58 3 1 #" "
0 0 22 3 1 #"("
0 0 14 3 6 #"insert"
0 0 58 3 1 #" "
0 0 14 3 2 #"an"
0 0 58 3 1 #" "
0 0 14 3 4 #"alon"
0 0 22 3 1 #")"
0 0 58 29 1 #"\n"
0 1 58 65 1 #"\t"
0 0 58 3 4 #"    "
0 0 22 3 1 #"("
0 0 15 3 4 #"cond"
0 0 58 29 1 #"\n"
0 1 58 65 1 #"\t"
0 0 58 3 6 #"      "
0 0 22 3 2 #"[("
0 0 14 3 6 #"empty?"
0 0 58 3 1 #" "
0 0 14 3 4 #"alon"
0 0 22 3 1 #")"
0 0 58 3 1 #" "
0 0 22 3 1 #"("
0 0 14 3 4 #"list"
0 0 58 3 1 #" "
0 0 14 3 2 #"an"
0 0 22 3 2 #")]"
0 0 58 29 1 #"\n"
0 1 58 65 1 #"\t"
0 0 58 3 6 #"      "
0 0 22 3 1 #"["
0 0 14 3 4 #"else"
0 0 58 3 1 #" "
0 0 22 3 1 #"("
0 0 15 3 4 #"cond"
0 0 58 29 1 #"\n"
0 1 58 65 1 #"\t"
0 1 58 65 1 #"\t"
0 0 58 3 6 #"      "
0 0 22 3 2 #"[("
0 0 14 3 1 #">"
0 0 58 3 1 #" "
0 0 14 3 2 #"an"
0 0 58 3 1 #" "
0 0 22 3 1 #"("
0 0 14 3 5 #"first"
0 0 58 3 1 #" "
0 0 14 3 4 #"alon"
0 0 22 3 2 #"))"
0 0 58 3 1 #" "
0 0 22 3 1 #"("
0 0 14 3 4 #"cons"
0 0 58 3 1 #" "
0 0 14 3 2 #"an"
0 0 58 3 1 #" "
0 0 14 3 4 #"alon"
0 0 22 3 2 #")]"
0 0 58 29 1 #"\n"
0 1 58 65 1 #"\t"
0 1 58 65 1 #"\t"
0 0 58 3 6 #"      "
0 0 22 3 1 #"["
0 0 14 3 4 #"else"
0 0 58 3 1 #" "
0 0 22 3 1 #"("
0 0 14 3 4 #"cons"
0 0 58 3 1 #" "
0 0 22 3 1 #"("
0 0 14 3 5 #"first"
0 0 58 3 1 #" "
0 0 14 3 4 #"alon"
0 0 22 3 1 #")"
0 0 58 3 1 #" "
0 0 22 3 1 #"("
0 0 14 3 6 #"insert"
0 0 58 3 1 #" "
0 0 14 3 2 #"an"
0 0 58 3 1 #" "
0 0 22 3 1 #"("
0 0 14 3 4 #"rest"
0 0 58 3 1 #" "
0 0 14 3 4 #"alon"
0 0 22 3 8 #")))])]))"
0 0 58 29 1 #"\n"
0 0 58 29 1 #"\n"
0 0 22 3 1 #"("
0 0 15 3 6 #"define"
0 0 58 3 1 #" "
0 0 14 3 2 #"f3"
0 0 58 3 1 #" "
0 0 22 3 1 #"("
0 0 14 3 7 #"my-fold"
0 0 58 3 1 #" "
0 0 14 3 6 #"insert"
0 0 58 3 1 #" "
0 0 14 3 5 #"empty"
0 0 22 3 2 #"))"
0 0 58 29 1 #"\n"
0 0 22 3 1 #"("
0 0 15 3 6 #"define"
0 0 58 3 1 #" "
0 0 14 3 2 #"f4"
0 0 58 3 1 #" "
0 0 22 3 1 #"("
0 0 14 3 7 #"my-fold"
0 0 58 3 1 #" "
0 0 14 3 1 #"*"
0 0 58 3 1 #" "
0 0 20 3 1 #"1"
0 0 22 3 2 #"))"
0 0 58 29 1 #"\n"
0 0 22 3 1 #"("
0 0 15 3 6 #"define"
0 0 58 3 1 #" "
0 0 14 3 2 #"f5"
0 0 58 3 1 #" "
0 0 22 3 1 #"("
0 0 14 3 7 #"my-fold"
0 0 58 3 1 #" "
0 0 14 3 1 #"+"
0 0 58 3 1 #" "
0 0 20 3 1 #"0"
0 0 22 3 2 #"))"
0 0 58 29 1 #"\n"
0 0 58 29 1 #"\n"
0 0 58 29 1 #"\n"
0 0 58 29 1 #"\n"
0 0 17 3 52 #";;.................................................."
0 0 58 29 1 #"\n"
0 0 58 29 1 #"\n"
0 7         451 58           0 0           0 74 0 22 3 1 #"("
0 0 15 3 6 #"define"
0 0 2 3 1 #" "
0 0 14 3 12 #"a-text-field"
0 0 2 29 1 #"\n"
0 0 2 3 2 #"  "
0 0 22 3 1 #"("
0 0 14 3 9 #"make-text"
0 0 2 3 1 #" "
0 0 19 3 13 #"\"Enter Text:\""
0 0 22 3 2 #"))"
0 0 2 29 1 #"\n"
0 0 22 3 1 #"("
0 0 15 3 6 #"define"
0 0 2 3 1 #" "
0 0 14 3 9 #"a-message"
0 0 2 29 1 #"\n"
0 0 2 3 2 #"  "
0 0 22 3 1 #"("
0 0 14 3 12 #"make-message"
0 0 2 3 1 #" "
0 0 19 3 35 #"\"`Hello World' is a silly program.\""
0 0 22 3 2 #"))"
0 0 2 29 1 #"\n"
0 0 2 29 1 #"\n"
0 0 22 3 1 #"("
0 0 15 3 6 #"define"
0 0 2 3 1 #" "
0 0 22 3 1 #"("
0 0 14 3 12 #"echo-message"
0 0 2 3 1 #" "
0 0 14 3 1 #"e"
0 0 22 3 1 #")"
0 0 2 29 1 #"\n"
0 0 2 3 2 #"  "
0 0 22 3 1 #"("
0 0 14 3 12 #"draw-message"
0 0 2 3 1 #" "
0 0 14 3 9 #"a-message"
0 0 2 3 1 #" "
0 0 22 3 1 #"("
0 0 14 3 13 #"text-contents"
0 0 2 3 1 #" "
0 0 14 3 12 #"a-text-field"
0 0 22 3 3 #")))"
0 0 2 29 1 #"\n"
0 0 2 29 1 #"\n"
0 0 22 3 1 #"("
0 0 14 3 13 #"create-window"
0 0 2 29 1 #"\n"
0 0 2 3 1 #" "
0 0 22 3 1 #"("
0 0 14 3 4 #"list"
0 0 2 3 1 #" "
0 0 22 3 1 #"("
0 0 14 3 4 #"list"
0 0 2 3 1 #" "
0 0 14 3 12 #"a-text-field"
0 0 2 3 1 #" "
0 0 14 3 9 #"a-message"
0 0 22 3 1 #")"
0 0 2 29 1 #"\n"
0 0 2 3 7 #"       "
0 0 22 3 1 #"("
0 0 14 3 4 #"list"
0 0 2 3 1 #" "
0 0 22 3 1 #"("
0 0 14 3 11 #"make-button"
0 0 2 3 1 #" "
0 0 19 3 10 #"\"Copy Now\""
0 0 2 3 1 #" "
0 0 14 3 12 #"echo-message"
0 0 22 3 4 #"))))"
0 0 2 29 1 #"\n"
0           0 0 0 58 29 1 #"\n"
0 0 58 29 1 #"\n"
0 0 17 3 56 #";;......................................................"
0 0 58 29 1 #"\n"
0 0 58 29 1 #"\n"
0 0 22 3 1 #"("
0 0 15 3 6 #"define"
0 0 58 3 1 #" "
0 0 14 3 11 #"THE-CHOICES"
0 0 58 29 1 #"\n"
0 0 58 3 2 #"  "
0 0 22 3 1 #"("
0 0 14 3 4 #"list"
0 0 58 3 1 #" "
0 0 19 3 7 #"\"green\""
0 0 58 3 1 #" "
0 0 19 3 5 #"\"red\""
0 0 58 3 1 #" "
0 0 19 3 8 #"\"yellow\""
0 0 22 3 2 #"))"
0 0 58 29 1 #"\n"
0 0 58 29 1 #"\n"
0 0 22 3 1 #"("
0 0 15 3 6 #"define"
0 0 58 3 1 #" "
0 0 14 3 8 #"a-choice"
0 0 58 29 1 #"\n"
0 0 58 3 2 #"  "
0 0 22 3 1 #"("
0 0 14 3 11 #"make-choice"
0 0 58 3 1 #" "
0 0 14 3 11 #"THE-CHOICES"
0 0 22 3 2 #"))"
0 0 58 29 1 #"\n"
0 0 58 29 1 #"\n"
0 0 22 3 1 #"("
0 0 15 3 6 #"define"
0 0 58 3 1 #" "
0 0 14 3 9 #"a-message"
0 0 58 29 1 #"\n"
0 0 58 3 2 #"  "
0 0 22 3 1 #"("
0 0 14 3 12 #"make-message"
0 0 58 3 1 #" "
0 0 22 3 1 #"("
0 0 14 3 5 #"first"
0 0 58 3 1 #" "
0 0 14 3 11 #"THE-CHOICES"
0 0 22 3 3 #")))"
0 0 58 29 1 #"\n"
0 0 58 29 1 #"\n"
0 0 58 29 1 #"\n"
0 0 17 3 28 #";; echo-choice : X  ->  true"
0 0 58 29 1 #"\n"
0 0 17 3 50 #";; to determine the current choice of a-choice and"
0 0 58 29 1 #"\n"
0 0 17 3 51 #";; to draw the corresponding string into a-message "
0 0 58 29 1 #"\n"
0 0 22 3 1 #"("
0 0 15 3 6 #"define"
0 0 58 3 1 #" "
0 0 22 3 1 #"("
0 0 14 3 11 #"echo-choice"
0 0 58 3 1 #" "
0 0 14 3 1 #"e"
0 0 22 3 1 #")"
0 0 58 29 1 #"\n"
0 0 58 3 2 #"  "
0 0 22 3 1 #"("
0 0 14 3 12 #"draw-message"
0 0 58 3 1 #" "
0 0 14 3 9 #"a-message"
0 0 58 29 1 #"\n"
0 0 58 3 16 #"                "
0 0 22 3 1 #"("
0 0 14 3 8 #"list-ref"
0 0 58 3 1 #" "
0 0 14 3 11 #"THE-CHOICES"
0 0 58 29 1 #"\n"
0 1 58 65 1 #"\t"
0 1 58 65 1 #"\t"
0 0 58 3 10 #"          "
0 0 22 3 1 #"("
0 0 14 3 12 #"choice-index"
0 0 58 3 1 #" "
0 0 14 3 8 #"a-choice"
0 0 22 3 4 #"))))"
0 0 58 29 1 #"\n"
0 0 58 29 1 #"\n"
0 7         163 58           0 0           0 26 0 22 3 1 #"("
0 0 14 3 13 #"create-window"
0 0 2 29 1 #"\n"
0 0 2 3 1 #" "
0 0 22 3 1 #"("
0 0 14 3 4 #"list"
0 0 2 3 1 #" "
0 0 22 3 1 #"("
0 0 14 3 4 #"list"
0 0 2 3 1 #" "
0 0 14 3 8 #"a-choice"
0 0 2 3 1 #" "
0 0 14 3 9 #"a-message"
0 0 22 3 1 #")"
0 0 2 29 1 #"\n"
0 0 2 3 7 #"       "
0 0 22 3 1 #"("
0 0 14 3 4 #"list"
0 0 2 3 1 #" "
0 0 22 3 1 #"("
0 0 14 3 11 #"make-button"
0 0 2 3 1 #" "
0 0 19 3 16 #"\"Confirm Choice\""
0 0 2 3 1 #" "
0 0 14 3 11 #"echo-choice"
0 0 22 3 4 #"))))"
0           0 0 0 58 29 1 #"\n"
0 0 58 29 1 #"\n"
0 0 17 3 58
#";;........................................................"
0 0 58 29 1 #"\n"
0 0 17 3 58
#";;........................................................"
0 0 58 29 1 #"\n"
0 0 4 29 1 #"\n"
0 0 4 29 1 #"\n"
0 0 17 3 71
(
 #";;.................................22.3.1..........................."
 #"..."
) 0 0 4 29 1 #"\n"
0 0 4 29 1 #"\n"
0 0 58 29 1 #"\n"
0 0 58 29 1 #"\n"
0 0 22 3 1 #"("
0 0 15 3 6 #"define"
0 0 58 3 1 #" "
0 0 22 3 1 #"("
0 0 14 3 12 #"build-number"
0 0 58 3 1 #" "
0 0 14 3 6 #"a-list"
0 0 22 3 1 #")"
0 0 58 29 1 #"\n"
0 0 58 3 2 #"  "
0 0 22 3 1 #"("
0 0 15 3 4 #"cond"
0 0 58 29 1 #"\n"
0 0 58 3 4 #"    "
0 0 22 3 2 #"[("
0 0 14 3 6 #"empty?"
0 0 58 3 1 #" "
0 0 14 3 6 #"a-list"
0 0 22 3 1 #")"
0 0 58 3 1 #" "
0 0 20 3 1 #"0"
0 0 22 3 1 #"]"
0 0 58 29 1 #"\n"
0 0 58 3 4 #"    "
0 0 22 3 1 #"["
0 0 14 3 4 #"else"
0 0 58 3 1 #" "
0 0 22 3 1 #"("
0 0 14 3 1 #"+"
0 0 58 3 1 #" "
0 0 22 3 1 #"("
0 0 14 3 1 #"*"
0 0 58 3 1 #" "
0 0 22 3 1 #"("
0 0 14 3 4 #"expt"
0 0 58 3 1 #" "
0 0 20 3 2 #"10"
0 0 58 3 1 #" "
0 0 22 3 1 #"("
0 0 14 3 6 #"length"
0 0 58 3 1 #" "
0 0 22 3 1 #"("
0 0 14 3 4 #"rest"
0 0 58 3 1 #" "
0 0 14 3 6 #"a-list"
0 0 22 3 3 #")))"
0 0 58 3 1 #" "
0 0 22 3 1 #"("
0 0 14 3 5 #"first"
0 0 58 3 1 #" "
0 0 14 3 6 #"a-list"
0 0 22 3 2 #"))"
0 0 58 3 1 #" "
0 0 22 3 1 #"("
0 0 14 3 12 #"build-number"
0 0 58 3 1 #" "
0 0 22 3 1 #"("
0 0 14 3 4 #"rest"
0 0 58 3 1 #" "
0 0 14 3 6 #"a-list"
0 0 22 3 6 #")))]))"
0 0 58 29 1 #"\n"
0 0 58 29 1 #"\n"
0 0 58 29 1 #"\n"
0 0 58 29 1 #"\n"
0 0 17 3 8 #";; View:"
0 0 58 29 1 #"\n"
0 0 17 3 29 #";; the ten digits as strings "
0 0 58 29 1 #"\n"
0 0 22 3 1 #"("
0 0 15 3 6 #"define"
0 0 58 3 1 #" "
0 0 14 3 6 #"DIGITS"
0 0 58 29 1 #"\n"
0 0 58 3 2 #"  "
0 0 22 3 1 #"("
0 0 14 3 10 #"build-list"
0 0 58 3 1 #" "
0 0 20 3 2 #"10"
0 0 58 3 2 #"  "
0 0 14 3 14 #"number->string"
0 0 22 3 2 #"))"
0 0 58 29 1 #"\n"
0 0 58 29 1 #"\n"
0 0 17 3 38 #";; a list of three digit choice menus "
0 0 58 29 1 #"\n"
0 0 22 3 1 #"("
0 0 15 3 6 #"define"
0 0 58 3 1 #" "
0 0 14 3 14 #"digit-choosers"
0 0 58 29 1 #"\n"
0 0 58 3 2 #"  "
0 0 22 3 1 #"("
0 0 15 3 5 #"local"
0 0 58 3 1 #" "
0 0 22 3 2 #"(("
0 0 15 3 6 #"define"
0 0 58 3 1 #" "
0 0 22 3 1 #"("
0 0 14 3 7 #"builder"
0 0 58 3 1 #" "
0 0 14 3 1 #"i"
0 0 22 3 1 #")"
0 0 58 3 1 #" "
0 0 22 3 1 #"("
0 0 14 3 11 #"make-choice"
0 0 58 3 1 #" "
0 0 14 3 6 #"DIGITS"
0 0 22 3 3 #")))"
0 0 58 29 1 #"\n"
0 0 58 3 4 #"    "
0 0 22 3 1 #"("
0 0 14 3 10 #"build-list"
0 0 58 3 1 #" "
0 0 20 3 1 #"3"
0 0 58 3 1 #" "
0 0 14 3 7 #"builder"
0 0 22 3 3 #")))"
0 0 58 29 1 #"\n"
0 0 58 29 1 #"\n"
0 0 17 3 62
#";; a message field for saying hello and displaying the number "
0 0 58 29 1 #"\n"
0 0 22 3 1 #"("
0 0 15 3 6 #"define"
0 0 58 3 1 #" "
0 0 14 3 5 #"a-msg"
0 0 58 29 1 #"\n"
0 0 58 3 2 #"  "
0 0 22 3 1 #"("
0 0 14 3 12 #"make-message"
0 0 58 3 1 #" "
0 0 19 3 9 #"\"Welcome\""
0 0 22 3 2 #"))"
0 0 58 29 1 #"\n"
0 0 58 29 1 #"\n"
0 0 17 3 3 #";; "
0 0 58 29 1 #"\n"
0 0 58 29 1 #"\n"
0 0 58 29 1 #"\n"
0 0 58 29 1 #"\n"
0 0 58 29 1 #"\n"
0 0 17 3 15 #";; Controller: "
0 0 58 29 1 #"\n"
0 0 17 3 32 #";; check-call-back : X  ->  true"
0 0 58 29 1 #"\n"
0 0 17 3 67
#";; to get the current choices of digits, convert them to a number, "
0 0 58 29 1 #"\n"
0 0 17 3 62
#";; and to draw this number as a string into the message field "
0 0 58 29 1 #"\n"
0 0 58 29 1 #"\n"
0 0 22 3 1 #"("
0 0 15 3 6 #"define"
0 0 58 3 1 #" "
0 0 22 3 1 #"("
0 0 14 3 10 #"random-n-m"
0 0 58 3 1 #" "
0 0 14 3 1 #"n"
0 0 58 3 1 #" "
0 0 14 3 1 #"m"
0 0 22 3 1 #")"
0 0 58 29 1 #"\n"
0 0 58 3 2 #"  "
0 0 22 3 1 #"("
0 0 14 3 1 #"+"
0 0 58 3 1 #" "
0 0 22 3 1 #"("
0 0 14 3 6 #"random"
0 0 58 3 1 #" "
0 0 22 3 1 #"("
0 0 14 3 1 #"-"
0 0 58 3 1 #" "
0 0 14 3 1 #"m"
0 0 58 3 1 #" "
0 0 14 3 1 #"n"
0 0 22 3 2 #"))"
0 0 58 3 1 #" "
0 0 14 3 1 #"n"
0 0 22 3 2 #"))"
0 0 58 29 1 #"\n"
0 0 58 29 1 #"\n"
0 0 22 3 1 #"("
0 0 15 3 6 #"define"
0 0 58 3 1 #" "
0 0 22 3 1 #"("
0 0 14 3 15 #"check-call-back"
0 0 58 3 1 #" "
0 0 14 3 1 #"b"
0 0 22 3 1 #")"
0 0 58 29 1 #"\n"
0 0 58 3 2 #"  "
0 0 22 3 1 #"("
0 0 14 3 12 #"draw-message"
0 0 58 3 1 #" "
0 0 14 3 5 #"a-msg"
0 0 58 3 1 #" "
0 0 58 29 1 #"\n"
0 0 58 3 16 #"                "
0 0 22 3 1 #"("
0 0 58 3 1 #" "
0 0 14 3 14 #"number->string"
0 0 58 29 1 #"\n"
0 0 58 3 17 #"                 "
0 0 22 3 1 #"("
0 0 14 3 12 #"build-number"
0 0 58 3 1 #" "
0 0 58 29 1 #"\n"
0 0 58 3 18 #"                  "
0 0 22 3 1 #"("
0 0 14 3 3 #"map"
0 0 58 3 1 #" "
0 0 14 3 12 #"choice-index"
0 0 58 3 1 #" "
0 0 14 3 14 #"digit-choosers"
0 0 22 3 5 #")))))"
0 0 58 29 1 #"\n"
0 0 58 29 1 #"\n"
0 0 22 3 1 #"("
0 0 15 3 6 #"define"
0 0 58 3 1 #" "
0 0 14 3 5 #"GUESS"
0 0 58 3 1 #" "
0 0 22 3 1 #"("
0 0 14 3 10 #"random-n-m"
0 0 58 3 1 #" "
0 0 20 3 1 #"0"
0 0 58 3 1 #" "
0 0 20 3 3 #"999"
0 0 22 3 2 #"))"
0 0 58 29 1 #"\n"
0 0 58 29 1 #"\n"
0 0 22 3 1 #"("
0 0 15 3 6 #"define"
0 0 58 3 1 #" "
0 0 22 3 1 #"("
0 0 14 3 18 #"check-my-call-back"
0 0 58 3 1 #" "
0 0 14 3 1 #"b"
0 0 22 3 1 #")"
0 0 58 29 1 #"\n"
0 0 58 3 2 #"  "
0 0 22 3 1 #"("
0 0 14 3 12 #"draw-message"
0 0 58 3 1 #" "
0 0 14 3 5 #"a-msg"
0 0 58 3 2 #"  "
0 0 22 3 1 #"("
0 0 14 3 4 #"temp"
0 0 58 3 1 #" "
0 0 14 3 5 #"GUESS"
0 0 22 3 3 #")))"
0 0 58 29 1 #"\n"
0 0 58 29 1 #"\n"
0 0 58 29 1 #"\n"
0 0 22 3 1 #"("
0 0 15 3 6 #"define"
0 0 58 3 1 #" "
0 0 22 3 1 #"("
0 0 14 3 4 #"temp"
0 0 58 3 1 #" "
0 0 14 3 8 #"a-number"
0 0 22 3 1 #")"
0 0 58 29 1 #"\n"
0 0 58 3 2 #"  "
0 0 22 3 1 #"("
0 0 15 3 4 #"cond"
0 0 58 29 1 #"\n"
0 0 58 3 4 #"    "
0 0 22 3 2 #"[("
0 0 14 3 1 #"="
0 0 58 3 1 #" "
0 0 14 3 8 #"a-number"
0 0 58 3 1 #" "
0 0 22 3 1 #"("
0 0 14 3 12 #"build-number"
0 0 58 3 1 #" "
0 0 58 29 1 #"\n"
0 0 58 3 18 #"                  "
0 0 22 3 1 #"("
0 0 14 3 3 #"map"
0 0 58 3 1 #" "
0 0 14 3 12 #"choice-index"
0 0 58 3 1 #" "
0 0 14 3 14 #"digit-choosers"
0 0 22 3 3 #")))"
0 0 58 3 1 #" "
0 0 19 3 7 #"\"equal\""
0 0 22 3 1 #"]"
0 0 58 29 1 #"\n"
0 0 58 3 4 #"    "
0 0 22 3 2 #"[("
0 0 14 3 1 #">"
0 0 58 3 1 #" "
0 0 14 3 8 #"a-number"
0 0 58 3 1 #" "
0 0 22 3 1 #"("
0 0 14 3 12 #"build-number"
0 0 58 3 1 #" "
0 0 58 29 1 #"\n"
0 0 58 3 18 #"                  "
0 0 22 3 1 #"("
0 0 14 3 3 #"map"
0 0 58 3 1 #" "
0 0 14 3 12 #"choice-index"
0 0 58 3 1 #" "
0 0 14 3 14 #"digit-choosers"
0 0 22 3 3 #")))"
0 0 58 3 1 #" "
0 0 19 3 11 #"\"Too small\""
0 0 22 3 1 #"]"
0 0 58 29 1 #"\n"
0 0 58 3 4 #"    "
0 0 22 3 2 #"[("
0 0 14 3 1 #"<"
0 0 58 3 1 #" "
0 0 14 3 8 #"a-number"
0 0 58 3 1 #" "
0 0 22 3 1 #"("
0 0 14 3 12 #"build-number"
0 0 58 3 1 #" "
0 0 58 29 1 #"\n"
0 0 58 3 18 #"                  "
0 0 22 3 1 #"("
0 0 14 3 3 #"map"
0 0 58 3 1 #" "
0 0 14 3 12 #"choice-index"
0 0 58 3 1 #" "
0 0 14 3 14 #"digit-choosers"
0 0 22 3 3 #")))"
0 0 58 3 1 #" "
0 0 19 3 9 #"\"Too big\""
0 0 22 3 3 #"]))"
0 0 58 29 1 #"\n"
0 0 58 29 1 #"\n"
0 0 22 3 1 #"("
0 0 14 3 13 #"create-window"
0 0 58 3 1 #" "
0 0 58 29 1 #"\n"
0 0 58 3 1 #" "
0 0 22 3 1 #"("
0 0 14 3 4 #"list"
0 0 58 3 1 #" "
0 0 58 29 1 #"\n"
0 0 58 3 2 #"  "
0 0 22 3 1 #"("
0 0 14 3 6 #"append"
0 0 58 3 1 #" "
0 0 14 3 14 #"digit-choosers"
0 0 58 3 1 #" "
0 0 22 3 1 #"("
0 0 14 3 4 #"list"
0 0 58 3 1 #" "
0 0 14 3 5 #"a-msg"
0 0 22 3 2 #"))"
0 0 58 29 1 #"\n"
0 0 58 3 2 #"  "
0 0 22 3 1 #"("
0 0 14 3 4 #"list"
0 0 58 3 1 #" "
0 0 22 3 1 #"("
0 0 14 3 11 #"make-button"
0 0 58 3 1 #" "
0 0 19 3 13 #"\"Check Guess\""
0 0 58 3 1 #" "
0 0 14 3 18 #"check-my-call-back"
0 0 22 3 4 #"))))"
0 0 58 29 1 #"\n"
0 0 58 29 1 #"\n"
0           0
