#reader(lib"read.ss""wxme")WXME0108 ## 
#|
   This file uses the GRacket editor format.
   Open this file in DrRacket version 5.1 or later to read it.

   Most likely, it was created by saving a program in DrRacket,
   and it probably contains a program with non-text elements
   (such as images or comment boxes).

            http://racket-lang.org/
|#
 28 7 #"wxtext\0"
3 1 6 #"wxtab\0"
1 1 8 #"wximage\0"
2 0 8 #"wxmedia\0"
4 1 34 #"(lib \"syntax-browser.ss\" \"mrlib\")\0"
1 0 16 #"drscheme:number\0"
3 0 44 #"(lib \"number-snip.ss\" \"drscheme\" \"private\")\0"
1 0 36 #"(lib \"comment-snip.ss\" \"framework\")\0"
1 0 43 #"(lib \"collapsed-snipclass.ss\" \"framework\")\0"
0 0 19 #"drscheme:sexp-snip\0"
0 0 36 #"(lib \"cache-image-snip.ss\" \"mrlib\")\0"
1 0 68
(
 #"((lib \"image-core.ss\" \"mrlib\") (lib \"image-core-wxme.rkt\" \"mr"
 #"lib\"))\0"
) 1 0 33 #"(lib \"bullet-snip.ss\" \"browser\")\0"
0 0 29 #"drscheme:bindings-snipclass%\0"
1 0 25 #"(lib \"matrix.ss\" \"htdp\")\0"
1 0 22 #"drscheme:lambda-snip%\0"
1 0 57
#"(lib \"hrule-snip.rkt\" \"macro-debugger\" \"syntax-browser\")\0"
1 0 45 #"(lib \"image-snipr.ss\" \"slideshow\" \"private\")\0"
1 0 26 #"drscheme:pict-value-snip%\0"
0 0 38 #"(lib \"pict-snipclass.ss\" \"slideshow\")\0"
2 0 55 #"(lib \"vertical-separator-snip.ss\" \"stepper\" \"private\")\0"
1 0 18 #"drscheme:xml-snip\0"
1 0 31 #"(lib \"xml-snipclass.ss\" \"xml\")\0"
1 0 21 #"drscheme:scheme-snip\0"
2 0 34 #"(lib \"scheme-snipclass.ss\" \"xml\")\0"
1 0 10 #"text-box%\0"
1 0 32 #"(lib \"text-snipclass.ss\" \"xml\")\0"
1 0 15 #"test-case-box%\0"
2 0 1 6 #"wxloc\0"
          0 0 66 0 1 #"\0"
0 75 1 #"\0"
0 12 90 -1 90 -1 3 -1 0 1 0 1 0 0 0 0 0 0 0 0 0 0 0 255 255 255 1 -1 0 9
#"Standard\0"
0 75 10 #"Monospace\0"
0 12 90 -1 90 -1 3 -1 0 1 0 1 0 0 0 0 0 0 0 0 0 0 0 255 255 255 1 -1 2 1
#"\0"
0 -1 1 #"\0"
1 0 -1 -1 -1 -1 -1 -1 0 0 0 0 0 0 1 1 1 1 1 1 0 0 0 0 0 0 -1 -1 2 24
#"framework:default-color\0"
0 -1 1 #"\0"
1 0 -1 -1 -1 -1 -1 -1 0 0 0 0 0 0 0 0 0 1 1 1 0 0 0 0 0 0 -1 -1 2 1
#"\0"
0 -1 1 #"\0"
1 0 -1 -1 -1 -1 -1 -1 0 0 0 0 0 0 0 0 0 1 1 1 150 0 150 0 0 0 -1 -1 2 15
#"text:ports out\0"
0 -1 1 #"\0"
1 0 -1 -1 -1 -1 -1 -1 0 0 0 0 0 0 0 0 0 1 1 1 150 0 150 0 0 0 -1 -1 2 1
#"\0"
0 -1 1 #"\0"
1.0 0 -1 -1 93 -1 -1 -1 0 0 0 0 0 0 0 0 0 1.0 1.0 1.0 255 0 0 0 0 0 -1
-1 2 15 #"text:ports err\0"
0 -1 1 #"\0"
1.0 0 -1 -1 93 -1 -1 -1 0 0 0 0 0 0 0 0 0 1.0 1.0 1.0 255 0 0 0 0 0 -1
-1 2 1 #"\0"
0 -1 1 #"\0"
1 0 -1 -1 -1 -1 -1 -1 0 0 0 0 0 0 0 0 0 1 1 1 0 0 175 0 0 0 -1 -1 2 17
#"text:ports value\0"
0 -1 1 #"\0"
1 0 -1 -1 -1 -1 -1 -1 0 0 0 0 0 0 0 0 0 1 1 1 0 0 175 0 0 0 -1 -1 2 1
#"\0"
0 -1 1 #"\0"
1.0 0 92 -1 -1 -1 -1 -1 0 0 0 0 0 0 0 0 0 1.0 1.0 1.0 34 139 34 0 0 0 -1
-1 2 27 #"Matching Parenthesis Style\0"
0 -1 1 #"\0"
1.0 0 92 -1 -1 -1 -1 -1 0 0 0 0 0 0 0 0 0 1.0 1.0 1.0 34 139 34 0 0 0 -1
-1 2 1 #"\0"
0 -1 1 #"\0"
1 0 -1 -1 -1 -1 -1 -1 0 0 0 0 0 0 0 0 0 1 1 1 38 38 128 0 0 0 -1 -1 2 37
#"framework:syntax-color:scheme:symbol\0"
0 -1 1 #"\0"
1 0 -1 -1 -1 -1 -1 -1 0 0 0 0 0 0 0 0 0 1 1 1 38 38 128 0 0 0 -1 -1 2 38
#"framework:syntax-color:scheme:keyword\0"
0 -1 1 #"\0"
1 0 -1 -1 -1 -1 -1 -1 0 0 0 0 0 0 0 0 0 1 1 1 38 38 128 0 0 0 -1 -1 2 1
#"\0"
0 -1 1 #"\0"
1 0 -1 -1 -1 -1 -1 -1 0 0 0 0 0 0 0 0 0 1 1 1 194 116 31 0 0 0 -1 -1 2
38 #"framework:syntax-color:scheme:comment\0"
0 -1 1 #"\0"
1 0 -1 -1 -1 -1 -1 -1 0 0 0 0 0 0 0 0 0 1 1 1 194 116 31 0 0 0 -1 -1 2 1
#"\0"
0 -1 1 #"\0"
1 0 -1 -1 -1 -1 -1 -1 0 0 0 0 0 0 0 0 0 1 1 1 41 128 38 0 0 0 -1 -1 2 37
#"framework:syntax-color:scheme:string\0"
0 -1 1 #"\0"
1 0 -1 -1 -1 -1 -1 -1 0 0 0 0 0 0 0 0 0 1 1 1 41 128 38 0 0 0 -1 -1 2 39
#"framework:syntax-color:scheme:constant\0"
0 -1 1 #"\0"
1 0 -1 -1 -1 -1 -1 -1 0 0 0 0 0 0 0 0 0 1 1 1 41 128 38 0 0 0 -1 -1 2 1
#"\0"
0 -1 1 #"\0"
1 0 -1 -1 -1 -1 -1 -1 0 0 0 0 0 0 0 0 0 1 1 1 132 60 36 0 0 0 -1 -1 2 42
#"framework:syntax-color:scheme:parenthesis\0"
0 -1 1 #"\0"
1 0 -1 -1 -1 -1 -1 -1 0 0 0 0 0 0 0 0 0 1 1 1 132 60 36 0 0 0 -1 -1 2 1
#"\0"
0 -1 1 #"\0"
1 0 -1 -1 -1 -1 -1 -1 0 0 0 0 0 0 0 0 0 1 1 1 255 0 0 0 0 0 -1 -1 2 36
#"framework:syntax-color:scheme:error\0"
0 -1 1 #"\0"
1 0 -1 -1 -1 -1 -1 -1 0 0 0 0 0 0 0 0 0 1 1 1 255 0 0 0 0 0 -1 -1 2 1
#"\0"
0 -1 1 #"\0"
1 0 -1 -1 -1 -1 -1 -1 0 0 0 0 0 0 0 0 0 1 1 1 0 0 0 0 0 0 -1 -1 2 36
#"framework:syntax-color:scheme:other\0"
0 -1 1 #"\0"
1 0 -1 -1 -1 -1 -1 -1 0 0 0 0 0 0 0 0 0 1 1 1 0 0 0 0 0 0 -1 -1 2 1
#"\0"
0 -1 1 #"\0"
1 0 -1 -1 -1 -1 -1 -1 0 0 0 0 0 0 0 0 0 1 1 1 81 112 203 0 0 0 -1 -1 2
38 #"drracket:check-syntax:lexically-bound\0"
0 -1 1 #"\0"
1 0 -1 -1 -1 -1 -1 -1 0 0 0 0 0 0 0 0 0 1 1 1 81 112 203 0 0 0 -1 -1 2 1
#"\0"
0 -1 1 #"\0"
1 0 -1 -1 -1 -1 -1 -1 0 0 0 0 0 0 0 0 0 1 1 1 178 34 34 0 0 0 -1 -1 2 28
#"drracket:check-syntax:set!d\0"
0 -1 1 #"\0"
1 0 -1 -1 -1 -1 -1 -1 0 0 0 0 0 0 0 0 0 1 1 1 178 34 34 0 0 0 -1 -1 2 1
#"\0"
0 -1 1 #"\0"
1 0 -1 -1 -1 -1 -1 -1 0 0 0 0 0 0 0 0 0 1 1 1 68 0 203 0 0 0 -1 -1 2 31
#"drracket:check-syntax:imported\0"
0 -1 1 #"\0"
1 0 -1 -1 -1 -1 -1 -1 0 0 0 0 0 0 0 0 0 1 1 1 68 0 203 0 0 0 -1 -1 2 47
#"drracket:check-syntax:my-obligation-style-pref\0"
0 -1 1 #"\0"
1 0 -1 -1 -1 -1 -1 -1 0 0 0 0 0 0 0 0 0 1 1 1 178 34 34 0 0 0 -1 -1 2 1
#"\0"
0 -1 1 #"\0"
1 0 -1 -1 -1 -1 -1 -1 0 0 0 0 0 0 0 0 0 1 1 1 0 116 0 0 0 0 -1 -1 2 50
#"drracket:check-syntax:their-obligation-style-pref\0"
0 -1 1 #"\0"
1 0 -1 -1 -1 -1 -1 -1 0 0 0 0 0 0 0 0 0 1 1 1 0 116 0 0 0 0 -1 -1 2 48
#"drracket:check-syntax:unk-obligation-style-pref\0"
0 -1 1 #"\0"
1 0 -1 -1 -1 -1 -1 -1 0 0 0 0 0 0 0 0 0 1 1 1 0 0 0 0 0 0 -1 -1 2 1
#"\0"
0 -1 1 #"\0"
1 0 -1 -1 -1 -1 -1 -1 0 0 0 0 0 0 0 0 0 1 1 1 139 142 28 0 0 0 -1 -1 2
49 #"drracket:check-syntax:both-obligation-style-pref\0"
0 -1 1 #"\0"
1 0 -1 -1 -1 -1 -1 -1 0 0 0 0 0 0 0 0 0 1 1 1 139 142 28 0 0 0 -1 -1 4 1
#"\0"
0 70 1 #"\0"
1.0 0 -1 -1 -1 -1 -1 -1 0 0 0 0 0 0 1.0 1.0 1.0 1.0 1.0 1.0 0 0 0 0 0 0
-1 -1 4 4 #"XML\0"
0 70 1 #"\0"
1.0 0 -1 -1 -1 -1 -1 -1 0 0 0 0 0 0 1.0 1.0 1.0 1.0 1.0 1.0 0 0 0 0 0 0
-1 -1 4 1 #"\0"
0 71 1 #"\0"
1.0 0 -1 -1 -1 -1 -1 -1 0 0 0 0 0 0 1.0 1.0 1.0 1.0 1.0 1.0 0 0 0 0 0 0
-1 -1 4 1 #"\0"
0 -1 1 #"\0"
1.0 0 -1 -1 -1 -1 -1 -1 1 0 0 0 0 0 0 0 0 1.0 1.0 1.0 0 0 255 0 0 0 -1
-1 4 1 #"\0"
0 71 1 #"\0"
1.0 0 -1 -1 -1 -1 -1 -1 1 0 0 0 0 0 0 0 0 1.0 1.0 1.0 0 0 255 0 0 0 -1
-1 4 1 #"\0"
0 71 1 #"\0"
1.0 0 -1 -1 -1 -1 -1 -1 0 0 0 0 0 0 0 0 0 1.0 1.0 1.0 0 100 0 0 0 0 -1
-1 2 1 #"\0"
0 71 1 #"\0"
1.0 0 -1 -1 -1 -1 -1 -1 0 0 0 0 0 0 1.0 1.0 1.0 1.0 1.0 1.0 0 0 0 0 0 0
-1 -1 2 1 #"\0"
0 71 1 #"\0"
1.0 0 -1 -1 -1 -1 -1 -1 0 0 0 0 0 0 0 0 0 1.0 1.0 1.0 0 100 0 0 0 0 -1
-1 0 1 #"\0"
0 75 10 #"Monospace\0"
0.0 12 90 -1 90 -1 3 -1 0 1 0 1 0 0 0.0 0.0 0.0 0.0 0.0 0.0 0 0 0 255
255 255 1 -1 22 1 #"\0"
0 -1 1 #"\0"
1.0 0 -1 -1 -1 -1 -1 -1 0 0 0 0 1 0 0.0 0.0 0.0 1.0 1.0 1.0 0 0 0 0 0 0
-1 -1 15 1 #"\0"
0 -1 1 #"\0"
1.0 0 -1 -1 -1 -1 -1 -1 0 0 0 0 1 0 0.0 0.0 0.0 1.0 1.0 1.0 0 0 0 0 0 0
-1 -1 4 1 #"\0"
0 -1 1 #"\0"
1.0 0 -1 -1 -1 -1 -1 -1 0 0 0 0 1 0 0.0 0.0 0.0 1.0 1.0 1.0 0 0 0 0 0 0
-1 -1 14 1 #"\0"
0 -1 1 #"\0"
1.0 0 -1 -1 -1 -1 -1 -1 0 0 0 0 1 0 0.0 0.0 0.0 1.0 1.0 1.0 0 0 0 0 0 0
-1 -1 22 1 #"\0"
0 -1 1 #"\0"
1.0 0 -1 -1 -1 -1 -1 -1 0 0 0 0 0 1 0.0 0.0 0.0 0.0 0.0 0.0 255 165 0 0
0 0 -1 -1 15 1 #"\0"
0 -1 1 #"\0"
1.0 0 -1 -1 -1 -1 -1 -1 0 0 0 0 0 1 0.0 0.0 0.0 0.0 0.0 0.0 255 165 0 0
0 0 -1 -1 4 1 #"\0"
0 -1 1 #"\0"
1.0 0 -1 -1 -1 -1 -1 -1 0 0 0 0 0 1 0.0 0.0 0.0 0.0 0.0 0.0 255 165 0 0
0 0 -1 -1 14 1 #"\0"
0 -1 1 #"\0"
1.0 0 -1 -1 -1 -1 -1 -1 0 0 0 0 0 1 0.0 0.0 0.0 0.0 0.0 0.0 255 165 0 0
0 0 -1 -1 20 1 #"\0"
0 -1 1 #"\0"
1.0 0 -1 -1 -1 -1 -1 -1 0 0 0 0 1 0 0.0 0.0 0.0 1.0 1.0 1.0 0 0 0 0 0 0
-1 -1 22 1 #"\0"
0 -1 1 #"\0"
1.0 0 -1 -1 -1 -1 -1 -1 0 0 0 0 1 0 0.0 0.0 0.0 0.0 0.0 0.0 0 0 0 255
255 255 -1 -1 15 1 #"\0"
0 -1 1 #"\0"
1.0 0 -1 -1 -1 -1 -1 -1 0 0 0 0 1 0 0.0 0.0 0.0 0.0 0.0 0.0 0 0 0 255
255 255 -1 -1 4 1 #"\0"
0 -1 1 #"\0"
1.0 0 -1 -1 -1 -1 -1 -1 0 0 0 0 1 0 0.0 0.0 0.0 0.0 0.0 0.0 0 0 0 255
255 255 -1 -1 14 1 #"\0"
0 -1 1 #"\0"
1.0 0 -1 -1 -1 -1 -1 -1 0 0 0 0 1 0 0.0 0.0 0.0 0.0 0.0 0.0 0 0 0 255
255 255 -1 -1 20 1 #"\0"
0 -1 1 #"\0"
1.0 0 -1 -1 -1 -1 -1 -1 0 0 0 0 1 0 0.0 0.0 0.0 0.0 0.0 0.0 0 0 0 255
255 255 -1 -1 17 1 #"\0"
0 -1 1 #"\0"
1.0 0 -1 -1 -1 -1 -1 -1 0 0 0 0 1 0 0.0 0.0 0.0 0.0 0.0 0.0 0 0 0 255
255 255 -1 -1 20 1 #"\0"
0 -1 1 #"\0"
1.0 0 -1 -1 -1 -1 -1 -1 0 0 0 0 0 1 0.0 0.0 0.0 0.0 0.0 0.0 255 165 0 0
0 0 -1 -1 17 1 #"\0"
0 -1 1 #"\0"
1.0 0 -1 -1 -1 -1 -1 -1 0 0 0 0 1 0 0.0 0.0 0.0 1.0 1.0 1.0 0 0 0 0 0 0
-1 -1 17 1 #"\0"
0 -1 1 #"\0"
1.0 0 -1 -1 -1 -1 -1 -1 0 0 0 0 0 1 0.0 0.0 0.0 0.0 0.0 0.0 255 165 0 0
0 0 -1 -1           0 1692 0 4 3 85
(
 #";; The first three lines of this file were inserted by DrRacket. The"
 #"y record metadata"
) 0 0 4 29 1 #"\n"
0 0 4 3 85
(
 #";; about the language level of this file in a form that our tools ca"
 #"n easily process."
) 0 0 4 29 1 #"\n"
0 0 4 3 464
(
 #"#reader(lib \"htdp-advanced-reader.ss\" \"lang\")((modname 32_20_04_"
 #"2011) (read-case-sensitive #t) (teachpacks ((lib \"draw.ss\" \"teach"
 #"pack\" \"htdp\") (lib \"hangman.ss\" \"teachpack\" \"htdp\") (lib \""
 #"guess.ss\" \"teachpack\" \"htdp\") (lib \"gui.ss\" \"teachpack\" \"h"
 #"tdp\"))) (htdp-settings #(#t constructor repeating-decimal #t #t non"
 #"e #f ((lib \"draw.ss\" \"teachpac"
 #"k\" \"htdp\") (lib \"hangman.ss\" \"teachpack\" \"htdp\") (lib \"gue"
 #"ss.ss\" \"teachpack\" \"htdp\") (lib \"gui.ss\" \"teachpack\" \"htdp"
 #"\")))))"
) 0 0 4 29 1 #"\n"
0 0 22 3 1 #"("
0 0 15 3 6 #"define"
0 0 59 3 1 #" "
0 0 14 3 2 #"MC"
0 0 59 3 1 #" "
0 0 20 3 1 #"3"
0 0 22 3 1 #")"
0 0 59 29 1 #"\n"
0 0 59 29 1 #"\n"
0 0 59 29 1 #"\n"
0 0 17 3 47 #";;..................32.2.1....................."
0 0 59 29 1 #"\n"
0 0 59 29 1 #"\n"
0 0 22 3 1 #"("
0 0 15 3 13 #"define-struct"
0 0 59 3 1 #" "
0 0 14 3 3 #"num"
0 0 22 3 1 #"("
0 0 14 3 4 #"miss"
0 0 59 3 1 #" "
0 0 14 3 3 #"can"
0 0 22 3 2 #"))"
0 0 59 29 1 #"\n"
0 0 22 3 1 #"("
0 0 15 3 13 #"define-struct"
0 0 59 3 1 #" "
0 0 14 3 5 #"state"
0 0 22 3 1 #"("
0 0 14 3 5 #"l-num"
0 0 59 3 1 #" "
0 0 14 3 5 #"r-num"
0 0 59 3 1 #" "
0 0 14 3 8 #"location"
0 0 59 3 1 #" "
0 0 14 3 4 #"path"
0 0 22 3 2 #"))"
0 0 59 29 1 #"\n"
0 0 59 29 1 #"\n"
0 0 17 3 49 #";;................32.2.2........................."
0 0 59 29 1 #"\n"
0 0 59 29 1 #"\n"
0 0 22 3 1 #"("
0 0 15 3 6 #"define"
0 0 59 3 1 #" "
0 0 14 3 13 #"boat-capacity"
0 0 59 3 1 #" "
0 0 20 3 1 #"2"
0 0 22 3 1 #")"
0 0 59 29 1 #"\n"
0 0 59 29 1 #"\n"
0 0 22 3 1 #"("
0 0 15 3 6 #"define"
0 0 59 3 1 #" "
0 0 22 3 1 #"("
0 0 14 3 4 #"temp"
0 0 59 3 1 #" "
0 0 14 3 1 #"a"
0 0 59 3 1 #" "
0 0 14 3 5 #"start"
0 0 59 3 1 #" "
0 0 14 3 3 #"end"
0 0 22 3 1 #")"
0 0 59 29 1 #"\n"
0 0 59 3 2 #"  "
0 0 22 3 1 #"("
0 0 15 3 4 #"cond"
0 0 59 29 1 #"\n"
0 0 59 3 4 #"    "
0 0 22 3 2 #"[("
0 0 14 3 1 #"="
0 0 59 3 1 #" "
0 0 14 3 5 #"start"
0 0 59 3 1 #" "
0 0 14 3 3 #"end"
0 0 22 3 1 #")"
0 0 59 3 1 #" "
0 0 22 3 1 #"("
0 0 15 3 4 #"cond"
0 0 59 29 1 #"\n"
0 0 59 3 21 #"                     "
0 0 22 3 2 #"[("
0 0 14 3 3 #"and"
0 0 59 3 1 #" "
0 0 22 3 1 #"("
0 0 14 3 2 #"<="
0 0 59 3 1 #" "
0 0 22 3 1 #"("
0 0 14 3 1 #"+"
0 0 59 3 1 #" "
0 0 14 3 1 #"a"
0 0 59 3 1 #" "
0 0 14 3 3 #"end"
0 0 22 3 1 #")"
0 0 59 3 1 #" "
0 0 14 3 13 #"boat-capacity"
0 0 22 3 1 #")"
0 0 59 3 1 #" "
0 0 22 3 1 #"("
0 0 14 3 1 #">"
0 0 59 3 1 #" "
0 0 22 3 1 #"("
0 0 14 3 1 #"+"
0 0 59 3 1 #" "
0 0 14 3 1 #"a"
0 0 59 3 1 #" "
0 0 14 3 3 #"end"
0 0 22 3 1 #")"
0 0 59 3 1 #" "
0 0 20 3 1 #"0"
0 0 22 3 2 #"))"
0 0 59 3 1 #" "
0 0 22 3 1 #"("
0 0 14 3 4 #"list"
0 0 59 3 1 #" "
0 0 22 3 1 #"("
0 0 14 3 8 #"make-num"
0 0 59 3 1 #" "
0 0 14 3 1 #"a"
0 0 59 3 1 #" "
0 0 14 3 3 #"end"
0 0 22 3 3 #"))]"
0 0 59 29 1 #"\n"
0 0 59 3 21 #"                     "
0 0 22 3 1 #"["
0 0 14 3 4 #"else"
0 0 59 3 1 #" "
0 0 14 3 5 #"empty"
0 0 22 3 3 #"])]"
0 0 59 29 1 #"\n"
0 0 59 3 4 #"    "
0 0 22 3 1 #"["
0 0 14 3 4 #"else"
0 0 59 3 1 #" "
0 0 22 3 1 #"("
0 0 14 3 6 #"append"
0 0 59 3 1 #" "
0 0 22 3 1 #"("
0 0 15 3 4 #"cond"
0 0 59 29 1 #"\n"
0 0 59 3 20 #"                    "
0 0 22 3 2 #"[("
0 0 14 3 3 #"and"
0 0 59 3 1 #" "
0 0 22 3 1 #"("
0 0 14 3 2 #"<="
0 0 59 3 1 #" "
0 0 22 3 1 #"("
0 0 14 3 1 #"+"
0 0 59 3 1 #" "
0 0 14 3 1 #"a"
0 0 59 3 1 #" "
0 0 14 3 5 #"start"
0 0 22 3 1 #")"
0 0 59 3 1 #" "
0 0 14 3 13 #"boat-capacity"
0 0 22 3 1 #")"
0 0 59 3 1 #" "
0 0 22 3 1 #"("
0 0 14 3 1 #">"
0 0 59 3 1 #" "
0 0 22 3 1 #"("
0 0 14 3 1 #"+"
0 0 59 3 1 #" "
0 0 14 3 1 #"a"
0 0 59 3 1 #" "
0 0 14 3 5 #"start"
0 0 22 3 1 #")"
0 0 59 3 1 #" "
0 0 20 3 1 #"0"
0 0 22 3 2 #"))"
0 0 59 3 1 #" "
0 0 22 3 1 #"("
0 0 14 3 4 #"list"
0 0 59 3 1 #" "
0 0 22 3 1 #"("
0 0 14 3 8 #"make-num"
0 0 59 3 1 #" "
0 0 14 3 1 #"a"
0 0 59 3 1 #" "
0 0 14 3 5 #"start"
0 0 22 3 3 #"))]"
0 0 59 29 1 #"\n"
0 0 59 3 20 #"                    "
0 0 22 3 1 #"["
0 0 14 3 4 #"else"
0 0 59 3 1 #" "
0 0 14 3 5 #"empty"
0 0 22 3 2 #"])"
0 0 59 3 1 #" "
0 0 22 3 1 #"("
0 0 14 3 4 #"temp"
0 0 59 3 1 #" "
0 0 14 3 1 #"a"
0 0 59 3 1 #" "
0 0 22 3 1 #"("
0 0 14 3 4 #"add1"
0 0 59 3 1 #" "
0 0 14 3 5 #"start"
0 0 22 3 1 #")"
0 0 59 3 1 #" "
0 0 14 3 3 #"end"
0 0 22 3 5 #"))]))"
0 0 59 29 1 #"\n"
0 0 59 29 1 #"\n"
0 0 22 3 1 #"("
0 0 15 3 6 #"define"
0 0 59 3 1 #" "
0 0 22 3 1 #"("
0 0 14 3 5 #"temp1"
0 0 59 3 1 #" "
0 0 14 3 5 #"start"
0 0 59 3 1 #" "
0 0 14 3 3 #"end"
0 0 22 3 1 #")"
0 0 59 29 1 #"\n"
0 0 59 3 2 #"  "
0 0 22 3 1 #"("
0 0 15 3 4 #"cond"
0 0 59 29 1 #"\n"
0 0 59 3 4 #"    "
0 0 22 3 2 #"[("
0 0 14 3 1 #">"
0 0 59 3 1 #" "
0 0 14 3 5 #"start"
0 0 59 3 1 #" "
0 0 14 3 3 #"end"
0 0 22 3 1 #")"
0 0 59 3 1 #" "
0 0 14 3 5 #"empty"
0 0 22 3 1 #"]"
0 0 59 29 1 #"\n"
0 0 59 3 4 #"    "
0 0 22 3 1 #"["
0 0 14 3 4 #"else"
0 0 59 3 1 #" "
0 0 22 3 1 #"("
0 0 14 3 6 #"append"
0 0 59 3 1 #" "
0 0 22 3 1 #"("
0 0 14 3 4 #"temp"
0 0 59 3 1 #" "
0 0 14 3 5 #"start"
0 0 59 3 1 #" "
0 0 20 3 1 #"0"
0 0 59 3 1 #" "
0 0 14 3 3 #"end"
0 0 22 3 1 #")"
0 0 59 3 1 #" "
0 0 22 3 1 #"("
0 0 14 3 5 #"temp1"
0 0 59 3 1 #" "
0 0 22 3 1 #"("
0 0 14 3 4 #"add1"
0 0 59 3 1 #" "
0 0 14 3 5 #"start"
0 0 22 3 1 #")"
0 0 59 3 1 #" "
0 0 14 3 3 #"end"
0 0 22 3 5 #"))]))"
0 0 59 29 1 #"\n"
0 0 59 29 1 #"\n"
0 0 22 3 1 #"("
0 0 15 3 6 #"define"
0 0 59 3 1 #" "
0 0 22 3 1 #"("
0 0 14 3 15 #"make-boat-loads"
0 0 59 3 1 #" "
0 0 14 3 10 #"a-capacity"
0 0 22 3 1 #")"
0 0 59 29 1 #"\n"
0 0 59 3 2 #"  "
0 0 22 3 1 #"("
0 0 14 3 5 #"temp1"
0 0 59 3 1 #" "
0 0 20 3 1 #"0"
0 0 59 3 1 #" "
0 0 14 3 10 #"a-capacity"
0 0 22 3 2 #"))"
0 0 59 29 1 #"\n"
0 0 59 29 1 #"\n"
0 0 59 29 1 #"\n"
0 0 22 3 1 #"("
0 0 15 3 6 #"define"
0 0 59 3 1 #" "
0 0 14 3 9 #"boat-list"
0 0 59 3 1 #" "
0 0 22 3 1 #"("
0 0 14 3 15 #"make-boat-loads"
0 0 59 3 1 #" "
0 0 14 3 13 #"boat-capacity"
0 0 22 3 2 #"))"
0 0 59 29 1 #"\n"
0 0 17 3 59
#";;........................................................."
0 0 59 29 1 #"\n"
0 0 59 29 1 #"\n"
0 0 22 3 1 #"("
0 0 15 3 6 #"define"
0 0 59 3 1 #" "
0 0 22 3 1 #"("
0 0 14 3 9 #"contains?"
0 0 59 3 1 #" "
0 0 14 3 5 #"a-num"
0 0 59 3 1 #" "
0 0 14 3 6 #"a-list"
0 0 22 3 1 #")"
0 0 59 29 1 #"\n"
0 0 59 3 2 #"  "
0 0 22 3 1 #"("
0 0 15 3 4 #"cond"
0 0 59 29 1 #"\n"
0 0 59 3 4 #"    "
0 0 22 3 2 #"[("
0 0 14 3 6 #"empty?"
0 0 59 3 1 #" "
0 0 14 3 6 #"a-list"
0 0 22 3 1 #")"
0 0 59 3 1 #" "
0 0 14 3 5 #"false"
0 0 22 3 1 #"]"
0 0 59 29 1 #"\n"
0 0 59 3 4 #"    "
0 0 22 3 2 #"[("
0 0 14 3 3 #"and"
0 0 59 3 1 #" "
0 0 22 3 1 #"("
0 0 14 3 1 #"="
0 0 59 3 1 #" "
0 0 22 3 1 #"("
0 0 14 3 8 #"num-miss"
0 0 59 3 1 #" "
0 0 22 3 1 #"("
0 0 14 3 5 #"first"
0 0 59 3 1 #" "
0 0 14 3 6 #"a-list"
0 0 22 3 2 #"))"
0 0 59 3 1 #" "
0 0 22 3 1 #"("
0 0 14 3 8 #"num-miss"
0 0 59 3 1 #" "
0 0 14 3 5 #"a-num"
0 0 22 3 2 #"))"
0 0 59 3 1 #" "
0 0 22 3 1 #"("
0 0 14 3 1 #"="
0 0 59 3 1 #" "
0 0 22 3 1 #"("
0 0 14 3 7 #"num-can"
0 0 59 3 1 #" "
0 0 22 3 1 #"("
0 0 14 3 5 #"first"
0 0 59 3 1 #" "
0 0 14 3 6 #"a-list"
0 0 22 3 2 #"))"
0 0 59 3 1 #" "
0 0 22 3 1 #"("
0 0 14 3 7 #"num-can"
0 0 59 3 1 #" "
0 0 14 3 5 #"a-num"
0 0 22 3 3 #")))"
0 0 59 3 1 #" "
0 0 14 3 4 #"true"
0 0 22 3 1 #"]"
0 0 59 29 1 #"\n"
0 0 59 3 4 #"    "
0 0 22 3 1 #"["
0 0 14 3 4 #"else"
0 0 59 3 1 #" "
0 0 22 3 1 #"("
0 0 14 3 9 #"contains?"
0 0 59 3 1 #" "
0 0 14 3 5 #"a-num"
0 0 59 3 1 #" "
0 0 22 3 1 #"("
0 0 14 3 4 #"rest"
0 0 59 3 1 #" "
0 0 14 3 6 #"a-list"
0 0 22 3 5 #"))]))"
0 0 59 29 1 #"\n"
0 0 59 29 1 #"\n"
0 0 17 3 62
#";;.........................32.2.3............................."
0 0 59 29 1 #"\n"
0 0 17 3 62
#";;............................................................"
0 0 59 29 1 #"\n"
0 0 59 29 1 #"\n"
0 0 22 3 1 #"("
0 0 15 3 6 #"define"
0 0 59 3 1 #" "
0 0 22 3 1 #"("
0 0 14 3 15 #"temp1-successor"
0 0 59 3 1 #" "
0 0 14 3 5 #"a-num"
0 0 59 3 1 #" "
0 0 14 3 8 #"a-symbol"
0 0 59 3 1 #" "
0 0 14 3 6 #"a-list"
0 0 22 3 1 #")"
0 0 59 29 1 #"\n"
0 0 59 3 2 #"  "
0 0 22 3 1 #"("
0 0 15 3 4 #"cond"
0 0 59 29 1 #"\n"
0 0 59 3 4 #"    "
0 0 22 3 2 #"[("
0 0 14 3 6 #"empty?"
0 0 59 3 1 #" "
0 0 14 3 6 #"a-list"
0 0 22 3 1 #")"
0 0 59 3 1 #" "
0 0 14 3 5 #"empty"
0 0 22 3 1 #"]"
0 0 59 29 1 #"\n"
0 0 59 3 4 #"    "
0 0 22 3 1 #"["
0 0 14 3 4 #"else"
0 0 59 3 1 #" "
0 0 22 3 1 #"("
0 0 15 3 4 #"cond"
0 0 59 29 1 #"\n"
0 0 59 3 12 #"            "
0 0 22 3 2 #"[("
0 0 14 3 3 #"and"
0 0 59 3 1 #" "
0 0 22 3 1 #"("
0 0 14 3 2 #">="
0 0 59 3 1 #" "
0 0 22 3 1 #"("
0 0 14 3 1 #"-"
0 0 59 3 1 #" "
0 0 22 3 1 #"("
0 0 14 3 8 #"num-miss"
0 0 59 3 1 #" "
0 0 14 3 5 #"a-num"
0 0 22 3 1 #")"
0 0 59 3 1 #" "
0 0 22 3 1 #"("
0 0 14 3 8 #"num-miss"
0 0 59 3 1 #" "
0 0 22 3 1 #"("
0 0 14 3 5 #"first"
0 0 59 3 1 #" "
0 0 14 3 6 #"a-list"
0 0 22 3 3 #")))"
0 0 59 3 1 #" "
0 0 20 3 1 #"0"
0 0 22 3 1 #")"
0 0 59 3 1 #" "
0 0 22 3 1 #"("
0 0 14 3 2 #">="
0 0 59 3 1 #" "
0 0 22 3 1 #"("
0 0 14 3 1 #"-"
0 0 59 3 1 #" "
0 0 22 3 1 #"("
0 0 14 3 7 #"num-can"
0 0 59 3 1 #" "
0 0 14 3 5 #"a-num"
0 0 22 3 1 #")"
0 0 59 3 1 #" "
0 0 22 3 1 #"("
0 0 14 3 7 #"num-can"
0 0 59 3 1 #" "
0 0 22 3 1 #"("
0 0 14 3 5 #"first"
0 0 59 3 1 #" "
0 0 14 3 6 #"a-list"
0 0 22 3 3 #")))"
0 0 59 11 1 #" "
0 0 20 3 1 #"0"
0 0 22 3 2 #"))"
0 0 59 3 1 #" "
0 0 22 3 1 #"("
0 0 14 3 6 #"append"
0 0 59 3 1 #" "
0 0 22 3 1 #"("
0 0 14 3 4 #"list"
0 0 59 3 1 #" "
0 0 22 3 1 #"("
0 0 14 3 10 #"make-state"
0 0 59 3 1 #" "
0 0 22 3 1 #"("
0 0 14 3 8 #"make-num"
0 0 59 3 1 #" "
0 0 22 3 1 #"("
0 0 14 3 1 #"-"
0 0 59 3 1 #" "
0 0 22 3 1 #"("
0 0 14 3 8 #"num-miss"
0 0 59 3 1 #" "
0 0 14 3 5 #"a-num"
0 0 22 3 1 #")"
0 0 59 3 1 #" "
0 0 22 3 1 #"("
0 0 14 3 8 #"num-miss"
0 0 59 3 1 #" "
0 0 22 3 1 #"("
0 0 14 3 5 #"first"
0 0 59 3 1 #" "
0 0 14 3 6 #"a-list"
0 0 22 3 3 #")))"
0 0 59 3 1 #" "
0 0 22 3 1 #"("
0 0 14 3 1 #"-"
0 0 59 3 1 #" "
0 0 22 3 1 #"("
0 0 14 3 7 #"num-can"
0 0 59 3 1 #" "
0 0 14 3 5 #"a-num"
0 0 22 3 1 #")"
0 0 59 3 1 #" "
0 0 22 3 1 #"("
0 0 14 3 7 #"num-can"
0 0 59 3 1 #" "
0 0 22 3 1 #"("
0 0 14 3 5 #"first"
0 0 59 11 1 #" "
0 0 14 3 6 #"a-list"
0 0 22 3 4 #"))))"
0 0 59 3 1 #" "
0 0 22 3 1 #"("
0 0 14 3 8 #"make-num"
0 0 59 3 1 #" "
0 0 22 3 1 #"("
0 0 14 3 1 #"-"
0 0 59 3 1 #" "
0 0 14 3 2 #"MC"
0 0 59 3 1 #" "
0 0 22 3 1 #"("
0 0 14 3 1 #"-"
0 0 59 3 1 #" "
0 0 22 3 1 #"("
0 0 14 3 8 #"num-miss"
0 0 59 3 1 #" "
0 0 14 3 5 #"a-num"
0 0 22 3 1 #")"
0 0 59 3 1 #" "
0 0 22 3 1 #"("
0 0 14 3 8 #"num-miss"
0 0 59 3 1 #" "
0 0 22 3 1 #"("
0 0 14 3 5 #"first"
0 0 59 3 1 #" "
0 0 14 3 6 #"a-list"
0 0 22 3 4 #"))))"
0 0 59 3 1 #" "
0 0 22 3 1 #"("
0 0 14 3 1 #"-"
0 0 59 3 1 #" "
0 0 14 3 2 #"MC"
0 0 59 3 1 #" "
0 0 22 3 1 #"("
0 0 14 3 1 #"-"
0 0 59 3 1 #" "
0 0 22 3 1 #"("
0 0 14 3 7 #"num-can"
0 0 59 3 1 #" "
0 0 14 3 5 #"a-num"
0 0 22 3 1 #")"
0 0 59 3 1 #" "
0 0 22 3 1 #"("
0 0 14 3 7 #"num-can"
0 0 59 3 1 #" "
0 0 22 3 1 #"("
0 0 14 3 5 #"first"
0 0 59 11 1 #" "
0 0 14 3 6 #"a-list"
0 0 22 3 5 #")))))"
0 0 59 3 1 #" "
0 0 14 3 8 #"a-symbol"
0 0 22 3 2 #"))"
0 0 59 3 1 #" "
0 0 22 3 1 #"("
0 0 14 3 15 #"temp1-successor"
0 0 59 3 1 #" "
0 0 14 3 5 #"a-num"
0 0 59 3 1 #" "
0 0 14 3 8 #"a-symbol"
0 0 59 3 1 #" "
0 0 22 3 1 #"("
0 0 14 3 4 #"rest"
0 0 59 3 1 #" "
0 0 14 3 6 #"a-list"
0 0 22 3 4 #")))]"
0 0 59 29 1 #"\n"
0 0 59 3 12 #"            "
0 0 22 3 1 #"["
0 0 14 3 4 #"else"
0 0 59 3 1 #" "
0 0 22 3 1 #"("
0 0 14 3 15 #"temp1-successor"
0 0 59 3 1 #" "
0 0 14 3 5 #"a-num"
0 0 59 3 1 #" "
0 0 14 3 8 #"a-symbol"
0 0 59 3 1 #" "
0 0 22 3 1 #"("
0 0 14 3 4 #"rest"
0 0 59 3 1 #" "
0 0 14 3 6 #"a-list"
0 0 22 3 7 #"))])]))"
0 0 59 29 1 #"\n"
0 0 59 29 1 #"\n"
0 0 22 3 1 #"("
0 0 15 3 6 #"define"
0 0 59 3 1 #" "
0 0 22 3 1 #"("
0 0 14 3 15 #"temp2-successor"
0 0 59 3 1 #" "
0 0 14 3 5 #"a-num"
0 0 59 3 1 #" "
0 0 14 3 8 #"a-symbol"
0 0 59 3 1 #" "
0 0 14 3 6 #"a-list"
0 0 22 3 1 #")"
0 0 59 29 1 #"\n"
0 0 59 3 2 #"  "
0 0 22 3 1 #"("
0 0 15 3 4 #"cond"
0 0 59 29 1 #"\n"
0 0 59 3 4 #"    "
0 0 22 3 2 #"[("
0 0 14 3 6 #"empty?"
0 0 59 3 1 #" "
0 0 14 3 6 #"a-list"
0 0 22 3 1 #")"
0 0 59 3 1 #" "
0 0 14 3 5 #"empty"
0 0 22 3 1 #"]"
0 0 59 29 1 #"\n"
0 0 59 3 4 #"    "
0 0 22 3 1 #"["
0 0 14 3 4 #"else"
0 0 59 3 1 #" "
0 0 22 3 1 #"("
0 0 15 3 4 #"cond"
0 0 59 29 1 #"\n"
0 0 59 3 12 #"            "
0 0 22 3 2 #"[("
0 0 14 3 3 #"and"
0 0 59 3 1 #" "
0 0 22 3 1 #"("
0 0 14 3 2 #"<="
0 0 59 3 1 #" "
0 0 22 3 1 #"("
0 0 14 3 1 #"+"
0 0 59 3 1 #" "
0 0 22 3 1 #"("
0 0 14 3 8 #"num-miss"
0 0 59 3 1 #" "
0 0 14 3 5 #"a-num"
0 0 22 3 1 #")"
0 0 59 3 1 #" "
0 0 22 3 1 #"("
0 0 14 3 8 #"num-miss"
0 0 59 3 1 #" "
0 0 22 3 1 #"("
0 0 14 3 5 #"first"
0 0 59 3 1 #" "
0 0 14 3 6 #"a-list"
0 0 22 3 3 #")))"
0 0 59 3 1 #" "
0 0 14 3 2 #"MC"
0 0 22 3 1 #")"
0 0 59 3 1 #" "
0 0 22 3 1 #"("
0 0 14 3 2 #"<="
0 0 59 3 1 #" "
0 0 22 3 1 #"("
0 0 14 3 1 #"+"
0 0 59 3 1 #" "
0 0 22 3 1 #"("
0 0 14 3 7 #"num-can"
0 0 59 3 1 #" "
0 0 14 3 5 #"a-num"
0 0 22 3 1 #")"
0 0 59 3 1 #" "
0 0 22 3 1 #"("
0 0 14 3 7 #"num-can"
0 0 59 3 1 #" "
0 0 22 3 1 #"("
0 0 14 3 5 #"first"
0 0 59 3 1 #" "
0 0 14 3 6 #"a-list"
0 0 22 3 3 #")))"
0 0 59 11 1 #" "
0 0 14 3 2 #"MC"
0 0 22 3 2 #"))"
0 0 59 3 1 #" "
0 0 22 3 1 #"("
0 0 14 3 6 #"append"
0 0 59 3 1 #" "
0 0 22 3 1 #"("
0 0 14 3 4 #"list"
0 0 59 3 1 #" "
0 0 22 3 1 #"("
0 0 14 3 10 #"make-state"
0 0 59 3 1 #" "
0 0 22 3 1 #"("
0 0 14 3 8 #"make-num"
0 0 59 3 1 #" "
0 0 22 3 1 #"("
0 0 14 3 1 #"+"
0 0 59 3 1 #" "
0 0 22 3 1 #"("
0 0 14 3 8 #"num-miss"
0 0 59 3 1 #" "
0 0 14 3 5 #"a-num"
0 0 22 3 1 #")"
0 0 59 3 1 #" "
0 0 22 3 1 #"("
0 0 14 3 8 #"num-miss"
0 0 59 3 1 #" "
0 0 22 3 1 #"("
0 0 14 3 5 #"first"
0 0 59 3 1 #" "
0 0 14 3 6 #"a-list"
0 0 22 3 3 #")))"
0 0 59 3 1 #" "
0 0 22 3 1 #"("
0 0 14 3 1 #"+"
0 0 59 3 1 #" "
0 0 22 3 1 #"("
0 0 14 3 7 #"num-can"
0 0 59 3 1 #" "
0 0 14 3 5 #"a-num"
0 0 22 3 1 #")"
0 0 59 3 1 #" "
0 0 22 3 1 #"("
0 0 14 3 7 #"num-can"
0 0 59 3 1 #" "
0 0 22 3 1 #"("
0 0 14 3 5 #"first"
0 0 59 11 1 #" "
0 0 14 3 6 #"a-list"
0 0 22 3 4 #"))))"
0 0 59 3 1 #" "
0 0 22 3 1 #"("
0 0 14 3 8 #"make-num"
0 0 59 3 1 #" "
0 0 22 3 1 #"("
0 0 14 3 1 #"-"
0 0 59 3 1 #" "
0 0 14 3 2 #"MC"
0 0 59 3 1 #" "
0 0 22 3 1 #"("
0 0 14 3 1 #"+"
0 0 59 3 1 #" "
0 0 22 3 1 #"("
0 0 14 3 8 #"num-miss"
0 0 59 3 1 #" "
0 0 14 3 5 #"a-num"
0 0 22 3 1 #")"
0 0 59 3 1 #" "
0 0 22 3 1 #"("
0 0 14 3 8 #"num-miss"
0 0 59 3 1 #" "
0 0 22 3 1 #"("
0 0 14 3 5 #"first"
0 0 59 3 1 #" "
0 0 14 3 6 #"a-list"
0 0 22 3 4 #"))))"
0 0 59 3 1 #" "
0 0 22 3 1 #"("
0 0 14 3 1 #"-"
0 0 59 3 1 #" "
0 0 14 3 2 #"MC"
0 0 59 3 1 #" "
0 0 22 3 1 #"("
0 0 14 3 1 #"+"
0 0 59 3 1 #" "
0 0 22 3 1 #"("
0 0 14 3 7 #"num-can"
0 0 59 3 1 #" "
0 0 14 3 5 #"a-num"
0 0 22 3 1 #")"
0 0 59 3 1 #" "
0 0 22 3 1 #"("
0 0 14 3 7 #"num-can"
0 0 59 3 1 #" "
0 0 22 3 1 #"("
0 0 14 3 5 #"first"
0 0 59 11 1 #" "
0 0 14 3 6 #"a-list"
0 0 22 3 5 #")))))"
0 0 59 3 1 #" "
0 0 14 3 8 #"a-symbol"
0 0 22 3 2 #"))"
0 0 59 3 1 #" "
0 0 22 3 1 #"("
0 0 14 3 15 #"temp2-successor"
0 0 59 3 1 #" "
0 0 14 3 5 #"a-num"
0 0 59 3 1 #" "
0 0 14 3 8 #"a-symbol"
0 0 59 3 1 #" "
0 0 22 3 1 #"("
0 0 14 3 4 #"rest"
0 0 59 3 1 #" "
0 0 14 3 6 #"a-list"
0 0 22 3 4 #")))]"
0 0 59 29 1 #"\n"
0 0 59 3 12 #"            "
0 0 22 3 1 #"["
0 0 14 3 4 #"else"
0 0 59 3 1 #" "
0 0 22 3 1 #"("
0 0 14 3 15 #"temp2-successor"
0 0 59 3 1 #" "
0 0 14 3 5 #"a-num"
0 0 59 3 1 #" "
0 0 14 3 8 #"a-symbol"
0 0 59 3 1 #" "
0 0 22 3 1 #"("
0 0 14 3 4 #"rest"
0 0 59 3 1 #" "
0 0 14 3 6 #"a-list"
0 0 22 3 7 #"))])]))"
0 0 59 29 1 #"\n"
0 0 59 29 1 #"\n"
0 0 59 29 1 #"\n"
0 0 22 3 1 #"("
0 0 15 3 6 #"define"
0 0 59 3 1 #" "
0 0 22 3 1 #"("
0 0 14 3 9 #"successor"
0 0 59 3 1 #" "
0 0 14 3 7 #"a-state"
0 0 22 3 1 #")"
0 0 59 29 1 #"\n"
0 0 59 3 2 #"  "
0 0 22 3 1 #"("
0 0 15 3 4 #"cond"
0 0 59 29 1 #"\n"
0 0 59 3 4 #"    "
0 0 22 3 2 #"[("
0 0 14 3 6 #"empty?"
0 0 59 3 1 #" "
0 0 14 3 7 #"a-state"
0 0 22 3 1 #")"
0 0 59 3 1 #" "
0 0 14 3 5 #"empty"
0 0 22 3 1 #"]"
0 0 59 29 1 #"\n"
0 0 59 3 4 #"    "
0 0 17 3 3 #";[("
0 0 17 3 3 #"and"
0 0 17 3 1 #" "
0 0 17 3 6 #"(cons?"
0 0 17 3 62
#" a-state) (= (length a-state) 1)) (successor (first a-state))]"
0 0 59 29 1 #"\n"
0 0 59 3 4 #"    "
0 0 22 3 2 #"[("
0 0 14 3 8 #"symbol=?"
0 0 59 3 1 #" "
0 0 22 3 1 #"("
0 0 14 3 14 #"state-location"
0 0 59 3 1 #" "
0 0 14 3 7 #"a-state"
0 0 22 3 1 #")"
0 0 59 3 1 #" "
0 0 20 3 1 #"'"
0 0 14 3 1 #"l"
0 0 22 3 1 #")"
0 0 59 3 1 #" "
0 0 22 3 1 #"("
0 0 14 3 15 #"temp1-successor"
0 0 59 3 1 #" "
0 0 22 3 1 #"("
0 0 14 3 11 #"state-l-num"
0 0 59 3 1 #" "
0 0 14 3 7 #"a-state"
0 0 22 3 1 #")"
0 0 59 3 1 #" "
0 0 20 3 1 #"'"
0 0 14 3 1 #"r"
0 0 59 3 1 #" "
0 0 14 3 9 #"boat-list"
0 0 22 3 2 #")]"
0 0 59 29 1 #"\n"
0 0 59 3 4 #"    "
0 0 22 3 1 #"["
0 0 14 3 4 #"else"
0 0 59 3 1 #" "
0 0 22 3 1 #"("
0 0 14 3 15 #"temp2-successor"
0 0 59 3 1 #" "
0 0 22 3 1 #"("
0 0 14 3 11 #"state-l-num"
0 0 59 3 1 #" "
0 0 14 3 7 #"a-state"
0 0 22 3 1 #")"
0 0 59 3 1 #" "
0 0 20 3 1 #"'"
0 0 14 3 1 #"l"
0 0 59 3 1 #" "
0 0 14 3 9 #"boat-list"
0 0 22 3 4 #")]))"
0 0 59 29 1 #"\n"
0 0 59 29 1 #"\n"
0 0 17 3 60
#";;...........................32.2.4........................."
0 0 59 29 1 #"\n"
0 0 17 3 60
#";;.........................................................."
0 0 59 29 1 #"\n"
0 0 59 29 1 #"\n"
0 0 22 3 1 #"("
0 0 15 3 6 #"define"
0 0 59 3 1 #" "
0 0 22 3 1 #"("
0 0 14 3 9 #"check-num"
0 0 59 3 1 #" "
0 0 14 3 5 #"a-num"
0 0 22 3 1 #")"
0 0 59 29 1 #"\n"
0 0 59 3 2 #"  "
0 0 22 3 1 #"("
0 0 15 3 4 #"cond"
0 0 59 29 1 #"\n"
0 0 59 3 4 #"    "
0 0 22 3 2 #"[("
0 0 14 3 1 #"="
0 0 59 3 1 #" "
0 0 22 3 1 #"("
0 0 14 3 8 #"num-miss"
0 0 59 3 1 #" "
0 0 14 3 5 #"a-num"
0 0 22 3 1 #")"
0 0 59 3 1 #" "
0 0 20 3 1 #"0"
0 0 22 3 1 #")"
0 0 59 3 1 #" "
0 0 14 3 4 #"true"
0 0 22 3 1 #"]"
0 0 59 29 1 #"\n"
0 0 59 3 4 #"    "
0 0 22 3 2 #"[("
0 0 14 3 3 #"and"
0 0 59 3 1 #" "
0 0 22 3 1 #"("
0 0 14 3 2 #">="
0 0 59 3 1 #" "
0 0 22 3 1 #"("
0 0 14 3 8 #"num-miss"
0 0 59 3 1 #" "
0 0 14 3 5 #"a-num"
0 0 22 3 1 #")"
0 0 59 3 1 #" "
0 0 20 3 1 #"0"
0 0 22 3 1 #")"
0 0 59 3 1 #" "
0 0 22 3 1 #"("
0 0 14 3 2 #">="
0 0 59 3 1 #" "
0 0 22 3 1 #"("
0 0 14 3 8 #"num-miss"
0 0 59 3 1 #" "
0 0 14 3 5 #"a-num"
0 0 22 3 1 #")"
0 0 59 3 1 #" "
0 0 22 3 1 #"("
0 0 14 3 7 #"num-can"
0 0 59 3 1 #" "
0 0 14 3 5 #"a-num"
0 0 22 3 2 #"))"
0 0 59 3 1 #" "
0 0 22 3 1 #"("
0 0 14 3 2 #"<="
0 0 59 3 1 #" "
0 0 22 3 1 #"("
0 0 14 3 8 #"num-miss"
0 0 59 3 1 #" "
0 0 14 3 5 #"a-num"
0 0 22 3 1 #")"
0 0 59 3 1 #" "
0 0 14 3 2 #"MC"
0 0 22 3 2 #"))"
0 0 59 3 1 #" "
0 0 14 3 4 #"true"
0 0 22 3 1 #"]"
0 0 59 29 1 #"\n"
0 0 59 3 4 #"    "
0 0 22 3 1 #"["
0 0 14 3 4 #"else"
0 0 59 3 1 #" "
0 0 14 3 5 #"false"
0 0 22 3 3 #"]))"
0 0 59 29 1 #"\n"
0 0 59 29 1 #"\n"
0 0 22 3 1 #"("
0 0 15 3 6 #"define"
0 0 59 3 1 #" "
0 0 22 3 1 #"("
0 0 14 3 12 #"legal-state?"
0 0 59 3 1 #" "
0 0 14 3 7 #"a-state"
0 0 22 3 1 #")"
0 0 59 29 1 #"\n"
0 0 59 3 2 #"  "
0 0 22 3 1 #"("
0 0 15 3 4 #"cond"
0 0 59 29 1 #"\n"
0 0 59 3 4 #"    "
0 0 22 3 2 #"[("
0 0 14 3 3 #"and"
0 0 59 3 1 #" "
0 0 22 3 1 #"("
0 0 14 3 9 #"check-num"
0 0 59 3 1 #" "
0 0 22 3 1 #"("
0 0 14 3 11 #"state-l-num"
0 0 59 3 1 #" "
0 0 14 3 7 #"a-state"
0 0 22 3 2 #"))"
0 0 59 3 1 #" "
0 0 22 3 1 #"("
0 0 14 3 9 #"check-num"
0 0 59 3 1 #" "
0 0 22 3 1 #"("
0 0 14 3 11 #"state-r-num"
0 0 59 3 1 #" "
0 0 14 3 7 #"a-state"
0 0 22 3 3 #")))"
0 0 59 3 1 #" "
0 0 14 3 4 #"true"
0 0 22 3 1 #"]"
0 0 59 29 1 #"\n"
0 0 59 3 4 #"    "
0 0 22 3 1 #"["
0 0 14 3 4 #"else"
0 0 59 3 1 #" "
0 0 14 3 5 #"false"
0 0 22 3 3 #"]))"
0 0 59 29 1 #"\n"
0 0 59 29 1 #"\n"
0 0 22 3 1 #"("
0 0 15 3 6 #"define"
0 0 59 3 1 #" "
0 0 22 3 1 #"("
0 0 14 3 12 #"legal-states"
0 0 59 3 1 #" "
0 0 14 3 6 #"a-list"
0 0 22 3 1 #")"
0 0 59 29 1 #"\n"
0 0 59 3 2 #"  "
0 0 22 3 1 #"("
0 0 15 3 4 #"cond"
0 0 59 29 1 #"\n"
0 0 59 3 4 #"    "
0 0 22 3 2 #"[("
0 0 14 3 6 #"empty?"
0 0 59 3 1 #" "
0 0 14 3 6 #"a-list"
0 0 22 3 1 #")"
0 0 59 3 1 #" "
0 0 14 3 5 #"empty"
0 0 22 3 1 #"]"
0 0 59 29 1 #"\n"
0 0 59 3 4 #"    "
0 0 22 3 1 #"["
0 0 14 3 4 #"else"
0 0 59 3 1 #" "
0 0 22 3 1 #"("
0 0 15 3 4 #"cond"
0 0 59 29 1 #"\n"
0 0 59 3 12 #"            "
0 0 22 3 2 #"[("
0 0 14 3 12 #"legal-state?"
0 0 59 3 1 #" "
0 0 22 3 1 #"("
0 0 14 3 5 #"first"
0 0 59 3 1 #" "
0 0 14 3 6 #"a-list"
0 0 22 3 2 #"))"
0 0 59 3 1 #" "
0 0 22 3 1 #"("
0 0 14 3 6 #"append"
0 0 59 3 1 #" "
0 0 22 3 1 #"("
0 0 14 3 4 #"list"
0 0 59 3 1 #" "
0 0 22 3 1 #"("
0 0 14 3 5 #"first"
0 0 59 3 1 #" "
0 0 14 3 6 #"a-list"
0 0 22 3 2 #"))"
0 0 59 3 1 #" "
0 0 22 3 1 #"("
0 0 14 3 12 #"legal-states"
0 0 59 3 1 #" "
0 0 22 3 1 #"("
0 0 14 3 4 #"rest"
0 0 59 3 1 #" "
0 0 14 3 6 #"a-list"
0 0 22 3 4 #")))]"
0 0 59 29 1 #"\n"
0 0 59 3 12 #"            "
0 0 22 3 1 #"["
0 0 14 3 4 #"else"
0 0 59 3 1 #" "
0 0 22 3 1 #"("
0 0 14 3 12 #"legal-states"
0 0 59 3 1 #" "
0 0 22 3 1 #"("
0 0 14 3 4 #"rest"
0 0 59 3 1 #" "
0 0 14 3 6 #"a-list"
0 0 22 3 7 #"))])]))"
0 0 59 29 1 #"\n"
0 0 59 29 1 #"\n"
0 0 17 3 54 #";;.......................32.2.5......................."
0 0 59 29 1 #"\n"
0 0 17 3 54 #";;...................................................."
0 0 59 29 1 #"\n"
0 0 59 29 1 #"\n"
0 0 22 3 1 #"("
0 0 15 3 6 #"define"
0 0 59 3 1 #" "
0 0 22 3 1 #"("
0 0 14 3 12 #"final-state?"
0 0 59 3 1 #" "
0 0 14 3 7 #"a-state"
0 0 22 3 1 #")"
0 0 59 29 1 #"\n"
0 0 59 3 2 #"  "
0 0 22 3 1 #"("
0 0 15 3 4 #"cond"
0 0 59 29 1 #"\n"
0 0 59 3 4 #"    "
0 0 22 3 2 #"[("
0 0 14 3 3 #"and"
0 0 59 3 1 #" "
0 0 22 3 1 #"("
0 0 14 3 3 #"and"
0 0 59 3 1 #" "
0 0 22 3 1 #"("
0 0 14 3 1 #"="
0 0 59 3 1 #" "
0 0 22 3 1 #"("
0 0 14 3 8 #"num-miss"
0 0 59 3 1 #" "
0 0 22 3 1 #"("
0 0 14 3 11 #"state-l-num"
0 0 59 3 1 #" "
0 0 14 3 7 #"a-state"
0 0 22 3 2 #"))"
0 0 59 3 1 #" "
0 0 20 3 1 #"0"
0 0 22 3 1 #")"
0 0 59 3 1 #" "
0 0 22 3 1 #"("
0 0 14 3 1 #"="
0 0 59 3 1 #" "
0 0 22 3 1 #"("
0 0 14 3 7 #"num-can"
0 0 59 3 1 #" "
0 0 22 3 1 #"("
0 0 14 3 11 #"state-l-num"
0 0 59 3 1 #" "
0 0 14 3 7 #"a-state"
0 0 22 3 2 #"))"
0 0 59 3 1 #" "
0 0 20 3 1 #"0"
0 0 22 3 2 #"))"
0 0 59 3 1 #" "
0 0 22 3 1 #"("
0 0 14 3 3 #"and"
0 0 59 3 1 #" "
0 0 22 3 1 #"("
0 0 14 3 1 #"="
0 0 59 3 1 #" "
0 0 22 3 1 #"("
0 0 14 3 8 #"num-miss"
0 0 59 3 1 #" "
0 0 22 3 1 #"("
0 0 14 3 11 #"state-r-num"
0 0 59 11 1 #" "
0 0 14 3 7 #"a-state"
0 0 22 3 2 #"))"
0 0 59 3 1 #" "
0 0 20 3 1 #"3"
0 0 22 3 1 #")"
0 0 59 3 1 #" "
0 0 22 3 1 #"("
0 0 14 3 1 #"="
0 0 59 3 1 #" "
0 0 22 3 1 #"("
0 0 14 3 7 #"num-can"
0 0 59 3 1 #" "
0 0 22 3 1 #"("
0 0 14 3 11 #"state-r-num"
0 0 59 3 1 #" "
0 0 14 3 7 #"a-state"
0 0 22 3 2 #"))"
0 0 59 3 1 #" "
0 0 20 3 1 #"3"
0 0 22 3 3 #")))"
0 0 59 3 1 #" "
0 0 14 3 4 #"true"
0 0 22 3 1 #"]"
0 0 59 29 1 #"\n"
0 0 59 3 4 #"    "
0 0 22 3 1 #"["
0 0 14 3 4 #"else"
0 0 59 3 1 #" "
0 0 14 3 5 #"false"
0 0 22 3 3 #"]))"
0 0 59 29 1 #"\n"
0 0 59 29 1 #"\n"
0 0 22 3 1 #"("
0 0 15 3 6 #"define"
0 0 59 3 1 #" "
0 0 22 3 1 #"("
0 0 14 3 12 #"final-states"
0 0 59 3 1 #" "
0 0 14 3 6 #"a-list"
0 0 22 3 1 #")"
0 0 59 29 1 #"\n"
0 0 59 3 2 #"  "
0 0 22 3 1 #"("
0 0 15 3 4 #"cond"
0 0 59 29 1 #"\n"
0 0 59 3 4 #"    "
0 0 22 3 2 #"[("
0 0 14 3 6 #"empty?"
0 0 59 3 1 #" "
0 0 14 3 6 #"a-list"
0 0 22 3 1 #")"
0 0 59 3 1 #" "
0 0 14 3 5 #"empty"
0 0 22 3 1 #"]"
0 0 59 29 1 #"\n"
0 0 59 3 4 #"    "
0 0 22 3 1 #"["
0 0 14 3 4 #"else"
0 0 59 3 1 #" "
0 0 22 3 1 #"("
0 0 15 3 4 #"cond"
0 0 59 29 1 #"\n"
0 0 59 3 12 #"            "
0 0 22 3 2 #"[("
0 0 14 3 12 #"final-state?"
0 0 59 3 1 #" "
0 0 22 3 1 #"("
0 0 14 3 5 #"first"
0 0 59 3 1 #" "
0 0 14 3 6 #"a-list"
0 0 22 3 2 #"))"
0 0 59 3 1 #" "
0 0 22 3 1 #"("
0 0 14 3 6 #"append"
0 0 59 3 1 #" "
0 0 22 3 1 #"("
0 0 14 3 4 #"list"
0 0 59 3 1 #" "
0 0 22 3 1 #"("
0 0 14 3 5 #"first"
0 0 59 3 1 #" "
0 0 14 3 6 #"a-list"
0 0 22 3 2 #"))"
0 0 59 3 1 #" "
0 0 22 3 1 #"("
0 0 14 3 12 #"final-states"
0 0 59 3 1 #" "
0 0 22 3 1 #"("
0 0 14 3 4 #"rest"
0 0 59 3 1 #" "
0 0 14 3 6 #"a-list"
0 0 22 3 4 #")))]"
0 0 59 29 1 #"\n"
0 0 59 3 12 #"            "
0 0 22 3 1 #"["
0 0 14 3 4 #"else"
0 0 59 3 1 #" "
0 0 22 3 1 #"("
0 0 14 3 12 #"final-states"
0 0 59 3 1 #" "
0 0 22 3 1 #"("
0 0 14 3 4 #"rest"
0 0 59 3 1 #" "
0 0 14 3 6 #"a-list"
0 0 22 3 7 #"))])]))"
0 0 59 29 1 #"\n"
0 0 59 29 1 #"\n"
0 0 17 3 54 #";;...................32.2.6..........................."
0 0 59 29 1 #"\n"
0 0 17 3 54 #";;...................................................."
0 0 59 29 1 #"\n"
0 0 59 29 1 #"\n"
0 0 22 3 1 #"("
0 0 15 3 6 #"define"
0 0 59 3 1 #" "
0 0 22 3 1 #"("
0 0 14 3 14 #"contains-state"
0 0 59 3 1 #" "
0 0 14 3 7 #"a-state"
0 0 59 3 1 #" "
0 0 14 3 6 #"a-list"
0 0 22 3 1 #")"
0 0 59 29 1 #"\n"
0 0 59 3 2 #"  "
0 0 22 3 1 #"("
0 0 15 3 4 #"cond"
0 0 59 29 1 #"\n"
0 0 59 3 4 #"    "
0 0 22 3 2 #"[("
0 0 14 3 6 #"empty?"
0 0 59 3 1 #" "
0 0 14 3 6 #"a-list"
0 0 22 3 1 #")"
0 0 59 3 1 #" "
0 0 14 3 5 #"false"
0 0 22 3 1 #"]"
0 0 59 29 1 #"\n"
0 0 59 3 4 #"    "
0 0 22 3 1 #"["
0 0 14 3 4 #"else"
0 0 59 3 1 #" "
0 0 22 3 1 #"("
0 0 15 3 4 #"cond"
0 0 59 29 1 #"\n"
0 0 59 3 12 #"            "
0 0 22 3 2 #"[("
0 0 14 3 3 #"and"
0 0 59 3 1 #" "
0 0 22 3 1 #"("
0 0 14 3 8 #"symbol=?"
0 0 59 3 1 #" "
0 0 22 3 1 #"("
0 0 14 3 14 #"state-location"
0 0 59 3 1 #" "
0 0 14 3 7 #"a-state"
0 0 22 3 1 #")"
0 0 59 3 1 #" "
0 0 22 3 1 #"("
0 0 14 3 14 #"state-location"
0 0 59 3 1 #" "
0 0 22 3 1 #"("
0 0 14 3 5 #"first"
0 0 59 3 1 #" "
0 0 14 3 6 #"a-list"
0 0 22 3 3 #")))"
0 0 59 3 1 #" "
0 0 22 3 1 #"("
0 0 14 3 3 #"and"
0 0 59 3 1 #" "
0 0 22 3 1 #"("
0 0 14 3 1 #"="
0 0 59 3 1 #" "
0 0 22 3 1 #"("
0 0 14 3 8 #"num-miss"
0 0 59 3 1 #" "
0 0 22 3 1 #"("
0 0 14 3 11 #"state-l-num"
0 0 59 11 1 #" "
0 0 14 3 7 #"a-state"
0 0 22 3 2 #"))"
0 0 59 3 1 #" "
0 0 22 3 1 #"("
0 0 14 3 8 #"num-miss"
0 0 59 3 1 #" "
0 0 22 3 1 #"("
0 0 14 3 11 #"state-l-num"
0 0 59 3 1 #" "
0 0 22 3 1 #"("
0 0 14 3 5 #"first"
0 0 59 3 1 #" "
0 0 14 3 6 #"a-list"
0 0 22 3 4 #"))))"
0 0 59 3 1 #" "
0 0 22 3 1 #"("
0 0 14 3 1 #"="
0 0 59 3 1 #" "
0 0 22 3 1 #"("
0 0 14 3 7 #"num-can"
0 0 59 3 1 #" "
0 0 22 3 1 #"("
0 0 14 3 11 #"state-l-num"
0 0 59 3 1 #" "
0 0 14 3 7 #"a-state"
0 0 22 3 2 #"))"
0 0 59 3 1 #" "
0 0 22 3 1 #"("
0 0 14 3 7 #"num-can"
0 0 59 3 1 #" "
0 0 22 3 1 #"("
0 0 14 3 11 #"state-l-num"
0 0 59 3 1 #" "
0 0 22 3 1 #"("
0 0 14 3 5 #"first"
0 0 59 11 1 #" "
0 0 14 3 6 #"a-list"
0 0 22 3 5 #")))))"
0 0 59 3 1 #" "
0 0 22 3 1 #"("
0 0 14 3 3 #"and"
0 0 59 3 1 #" "
0 0 22 3 1 #"("
0 0 14 3 1 #"="
0 0 59 3 1 #" "
0 0 22 3 1 #"("
0 0 14 3 8 #"num-miss"
0 0 59 3 1 #" "
0 0 22 3 1 #"("
0 0 14 3 11 #"state-r-num"
0 0 59 3 1 #" "
0 0 14 3 7 #"a-state"
0 0 22 3 2 #"))"
0 0 59 3 1 #" "
0 0 22 3 1 #"("
0 0 14 3 8 #"num-miss"
0 0 59 3 1 #" "
0 0 22 3 1 #"("
0 0 14 3 11 #"state-r-num"
0 0 59 3 1 #" "
0 0 22 3 1 #"("
0 0 14 3 5 #"first"
0 0 59 3 1 #" "
0 0 14 3 6 #"a-list"
0 0 22 3 4 #"))))"
0 0 59 3 1 #" "
0 0 22 3 1 #"("
0 0 14 3 1 #"="
0 0 59 3 1 #" "
0 0 22 3 1 #"("
0 0 14 3 7 #"num-can"
0 0 59 3 1 #" "
0 0 22 3 1 #"("
0 0 14 3 11 #"state-r-num"
0 0 59 11 1 #" "
0 0 14 3 7 #"a-state"
0 0 22 3 2 #"))"
0 0 59 3 1 #" "
0 0 22 3 1 #"("
0 0 14 3 7 #"num-can"
0 0 59 3 1 #" "
0 0 22 3 1 #"("
0 0 14 3 11 #"state-r-num"
0 0 59 3 1 #" "
0 0 22 3 1 #"("
0 0 14 3 5 #"first"
0 0 59 3 1 #" "
0 0 14 3 6 #"a-list"
0 0 22 3 6 #"))))))"
0 0 59 3 1 #" "
0 0 14 3 4 #"true"
0 0 22 3 1 #"]"
0 0 59 29 1 #"\n"
0 0 59 3 12 #"            "
0 0 22 3 1 #"["
0 0 14 3 4 #"else"
0 0 59 3 1 #" "
0 0 22 3 1 #"("
0 0 14 3 14 #"contains-state"
0 0 59 3 1 #" "
0 0 14 3 7 #"a-state"
0 0 59 3 1 #" "
0 0 22 3 1 #"("
0 0 14 3 4 #"rest"
0 0 59 3 1 #" "
0 0 14 3 6 #"a-list"
0 0 22 3 7 #"))])]))"
0 0 59 29 1 #"\n"
0 0 59 29 1 #"\n"
0 0 22 3 1 #"("
0 0 15 3 6 #"define"
0 0 59 3 1 #" "
0 0 22 3 1 #"("
0 0 14 3 16 #"handle-successor"
0 0 59 3 1 #" "
0 0 14 3 6 #"a-list"
0 0 59 3 1 #" "
0 0 14 3 4 #"accu"
0 0 22 3 1 #")"
0 0 59 29 1 #"\n"
0 0 59 3 2 #"  "
0 0 22 3 1 #"("
0 0 15 3 4 #"cond"
0 0 59 29 1 #"\n"
0 0 59 3 4 #"    "
0 0 22 3 2 #"[("
0 0 14 3 6 #"empty?"
0 0 59 3 1 #" "
0 0 14 3 6 #"a-list"
0 0 22 3 1 #")"
0 0 59 3 1 #" "
0 0 14 3 5 #"false"
0 0 22 3 1 #"]"
0 0 59 29 1 #"\n"
0 0 59 3 4 #"    "
0 0 22 3 1 #"["
0 0 14 3 4 #"else"
0 0 59 3 1 #" "
0 0 22 3 1 #"("
0 0 15 3 4 #"cond"
0 0 59 29 1 #"\n"
0 0 59 3 12 #"            "
0 0 22 3 2 #"[("
0 0 14 3 12 #"final-state?"
0 0 59 3 1 #" "
0 0 22 3 1 #"("
0 0 14 3 5 #"first"
0 0 59 3 1 #" "
0 0 14 3 6 #"a-list"
0 0 22 3 2 #"))"
0 0 59 3 1 #" "
0 0 14 3 4 #"true"
0 0 22 3 1 #"]"
0 0 59 29 1 #"\n"
0 0 59 3 12 #"            "
0 0 22 3 2 #"[("
0 0 14 3 14 #"contains-state"
0 0 59 3 1 #" "
0 0 22 3 1 #"("
0 0 14 3 5 #"first"
0 0 59 3 1 #" "
0 0 14 3 6 #"a-list"
0 0 22 3 1 #")"
0 0 59 3 1 #" "
0 0 14 3 4 #"accu"
0 0 22 3 1 #")"
0 0 59 3 1 #" "
0 0 22 3 1 #"("
0 0 14 3 12 #"mc-solvable?"
0 0 59 3 1 #" "
0 0 22 3 1 #"("
0 0 14 3 4 #"rest"
0 0 59 3 1 #" "
0 0 14 3 6 #"a-list"
0 0 22 3 1 #")"
0 0 59 3 1 #" "
0 0 14 3 4 #"accu"
0 0 22 3 2 #")]"
0 0 59 29 1 #"\n"
0 0 59 3 12 #"            "
0 0 22 3 1 #"["
0 0 14 3 4 #"else"
0 0 59 3 1 #" "
0 0 22 3 1 #"("
0 0 14 3 2 #"or"
0 0 59 3 1 #" "
0 0 22 3 1 #"("
0 0 14 3 16 #"handle-successor"
0 0 59 3 1 #" "
0 0 22 3 1 #"("
0 0 14 3 12 #"legal-states"
0 0 59 3 1 #" "
0 0 22 3 1 #"("
0 0 14 3 9 #"successor"
0 0 59 3 1 #" "
0 0 22 3 1 #"("
0 0 14 3 5 #"first"
0 0 59 3 1 #" "
0 0 14 3 6 #"a-list"
0 0 22 3 3 #")))"
0 0 59 3 1 #" "
0 0 22 3 1 #"("
0 0 14 3 6 #"append"
0 0 59 3 1 #" "
0 0 22 3 1 #"("
0 0 14 3 4 #"list"
0 0 59 3 1 #" "
0 0 22 3 1 #"("
0 0 14 3 5 #"first"
0 0 59 3 1 #" "
0 0 14 3 6 #"a-list"
0 0 22 3 2 #"))"
0 0 59 3 1 #" "
0 0 14 3 4 #"accu"
0 0 22 3 2 #"))"
0 0 59 11 1 #" "
0 0 22 3 1 #"("
0 0 14 3 12 #"mc-solvable?"
0 0 59 3 1 #" "
0 0 22 3 1 #"("
0 0 14 3 4 #"rest"
0 0 59 3 1 #" "
0 0 14 3 6 #"a-list"
0 0 22 3 1 #")"
0 0 59 3 1 #" "
0 0 22 3 1 #"("
0 0 14 3 6 #"append"
0 0 59 3 1 #" "
0 0 22 3 1 #"("
0 0 14 3 4 #"list"
0 0 59 3 1 #" "
0 0 22 3 1 #"("
0 0 14 3 5 #"first"
0 0 59 3 1 #" "
0 0 14 3 6 #"a-list"
0 0 22 3 2 #"))"
0 0 59 3 1 #" "
0 0 14 3 4 #"accu"
0 0 22 3 8 #")))])]))"
0 0 59 29 1 #"\n"
0 0 59 29 1 #"\n"
0 0 59 29 1 #"\n"
0 0 22 3 1 #"("
0 0 15 3 6 #"define"
0 0 59 3 1 #" "
0 0 22 3 1 #"("
0 0 14 3 12 #"mc-solvable?"
0 0 59 3 1 #" "
0 0 14 3 5 #"a-los"
0 0 59 3 1 #" "
0 0 14 3 4 #"accu"
0 0 22 3 1 #")"
0 0 59 29 1 #"\n"
0 0 59 3 2 #"  "
0 0 22 3 1 #"("
0 0 15 3 4 #"cond"
0 0 59 29 1 #"\n"
0 0 59 3 4 #"    "
0 0 22 3 2 #"[("
0 0 14 3 6 #"empty?"
0 0 59 3 1 #" "
0 0 14 3 5 #"a-los"
0 0 22 3 1 #")"
0 0 59 3 1 #" "
0 0 14 3 5 #"false"
0 0 22 3 1 #"]"
0 0 59 29 1 #"\n"
0 0 59 3 4 #"    "
0 0 22 3 1 #"["
0 0 14 3 4 #"else"
0 0 59 3 1 #" "
0 0 22 3 1 #"("
0 0 15 3 4 #"cond"
0 0 59 29 1 #"\n"
0 0 59 3 12 #"            "
0 0 22 3 2 #"[("
0 0 14 3 16 #"handle-successor"
0 0 59 3 1 #" "
0 0 22 3 1 #"("
0 0 14 3 12 #"legal-states"
0 0 59 3 1 #" "
0 0 22 3 1 #"("
0 0 14 3 9 #"successor"
0 0 59 3 1 #" "
0 0 22 3 1 #"("
0 0 14 3 5 #"first"
0 0 59 3 1 #" "
0 0 14 3 5 #"a-los"
0 0 22 3 3 #")))"
0 0 59 3 1 #" "
0 0 22 3 1 #"("
0 0 14 3 6 #"append"
0 0 59 3 1 #" "
0 0 22 3 1 #"("
0 0 14 3 4 #"list"
0 0 59 3 1 #" "
0 0 22 3 1 #"("
0 0 14 3 5 #"first"
0 0 59 3 1 #" "
0 0 14 3 5 #"a-los"
0 0 22 3 2 #"))"
0 0 59 3 1 #" "
0 0 14 3 4 #"accu"
0 0 22 3 2 #"))"
0 0 59 3 1 #" "
0 0 14 3 4 #"true"
0 0 22 3 1 #"]"
0 0 59 29 1 #"\n"
0 0 59 3 12 #"            "
0 0 22 3 1 #"["
0 0 14 3 4 #"else"
0 0 59 3 1 #" "
0 0 22 3 1 #"("
0 0 14 3 12 #"mc-solvable?"
0 0 59 3 1 #" "
0 0 22 3 1 #"("
0 0 14 3 4 #"rest"
0 0 59 3 1 #" "
0 0 14 3 5 #"a-los"
0 0 22 3 1 #")"
0 0 59 3 1 #" "
0 0 14 3 5 #"empty"
0 0 22 3 6 #")])]))"
0 0 59 29 1 #"\n"
0 0 59 29 1 #"\n"
0 0 59 29 1 #"\n"
0 0 59 29 1 #"\n"
0 0 59 29 1 #"\n"
0 0 17 3 65
#";;..............................32.2.8..........................."
0 0 59 29 1 #"\n"
0 0 17 3 65
#";;..............................................................."
0 0 59 29 1 #"\n"
0 0 59 29 1 #"\n"
0 7         667 59           0 0           0 110 0 22 3 1 #"("
0 0 15 3 6 #"define"
0 0 2 3 1 #" "
0 0 22 3 1 #"("
0 0 14 3 8 #"get-path"
0 0 2 3 1 #" "
0 0 14 3 6 #"a-list"
0 0 2 3 1 #" "
0 0 14 3 4 #"accu"
0 0 2 3 1 #" "
0 0 14 3 4 #"path"
0 0 22 3 1 #")"
0 0 2 29 1 #"\n"
0 0 2 3 2 #"  "
0 0 22 3 1 #"("
0 0 15 3 4 #"cond"
0 0 2 29 1 #"\n"
0 0 2 3 4 #"    "
0 0 22 3 2 #"[("
0 0 14 3 6 #"empty?"
0 0 2 3 1 #" "
0 0 14 3 6 #"a-list"
0 0 22 3 1 #")"
0 0 2 3 1 #" "
0 0 14 3 5 #"empty"
0 0 22 3 1 #"]"
0 0 2 29 1 #"\n"
0 0 2 3 4 #"    "
0 0 22 3 1 #"["
0 0 14 3 4 #"else"
0 0 2 3 1 #" "
0 0 22 3 1 #"("
0 0 15 3 4 #"cond"
0 0 2 29 1 #"\n"
0 0 2 3 12 #"            "
0 0 22 3 2 #"[("
0 0 14 3 14 #"contains-state"
0 0 2 3 1 #" "
0 0 22 3 1 #"("
0 0 14 3 5 #"first"
0 0 2 3 1 #" "
0 0 14 3 6 #"a-list"
0 0 22 3 1 #")"
0 0 2 3 1 #" "
0 0 14 3 4 #"accu"
0 0 22 3 1 #")"
0 0 2 3 1 #" "
0 0 22 3 1 #"("
0 0 14 3 8 #"get-path"
0 0 2 3 1 #" "
0 0 22 3 1 #"("
0 0 14 3 4 #"rest"
0 0 2 3 1 #" "
0 0 14 3 6 #"a-list"
0 0 22 3 1 #")"
0 0 2 3 1 #" "
0 0 14 3 4 #"accu"
0 0 22 3 2 #")]"
0 0 2 29 1 #"\n"
0 0 2 3 12 #"            "
0 0 22 3 1 #"["
0 0 14 3 4 #"else"
0 0 2 3 1 #" "
0 0 22 3 1 #"("
0 0 14 3 6 #"append"
0 0 2 3 1 #" "
0 0 22 3 1 #"("
0 0 14 3 4 #"list"
0 0 2 3 1 #" "
0 0 22 3 7 #"))])]))"
0 0 2 29 1 #"\n"
0 0 2 29 1 #"\n"
0 0 22 3 1 #"("
0 0 15 3 6 #"define"
0 0 2 3 1 #" "
0 0 22 3 1 #"("
0 0 14 3 11 #"mc-solution"
0 0 2 3 1 #" "
0 0 14 3 7 #"a-state"
0 0 2 3 1 #" "
0 0 14 3 5 #"empty"
0 0 22 3 1 #")"
0 0 2 29 1 #"\n"
0 0 2 3 2 #"  "
0 0 22 3 1 #"("
0 0 14 3 8 #"get-path"
0 0 2 3 1 #" "
0 0 22 3 1 #"("
0 0 14 3 12 #"legal-states"
0 0 2 3 1 #" "
0 0 22 3 1 #"("
0 0 14 3 9 #"successor"
0 0 2 3 1 #" "
0 0 14 3 7 #"a-state"
0 0 22 3 2 #"))"
0 0 2 3 1 #" "
0 0 22 3 1 #"("
0 0 14 3 6 #"append"
0 0 2 3 1 #" "
0 0 22 3 1 #"("
0 0 14 3 4 #"list"
0 0 2 3 1 #" "
0 0 14 3 7 #"a-state"
0 0 22 3 1 #")"
0 0 2 3 1 #" "
0 0 14 3 5 #"empty"
0 0 22 3 1 #")"
0 0 2 3 1 #" "
0 0 14 3 5 #"empty"
0 0 22 3 2 #"))"
0           0 0           0
